1.253174705902459891e+02
1.253169511857308862e+02
1.253164317812156696e+02
1.253159123767005667e+02
1.263153929721853501e+02
1.263148735676702472e+02
1.263143541631551443e+02
1.263138347586399277e+02
1.263133153541248248e+02
1.273127959496097219e+02
1.273122765450945053e+02
1.273117571405794024e+02
1.273112377360641858e+02
1.283107183315490829e+02
1.283101989270339800e+02
1.283096795225187634e+02
1.293091601180036605e+02
1.293086407134884439e+02
1.293081213089733410e+02
1.303076019044582381e+02
1.303070824999430215e+02
1.303065630954279186e+02
1.303060436909128157e+02
1.313055242863975991e+02
1.313050048818824962e+02
1.323044854773672796e+02
1.323039660728521767e+02
1.333034466683370738e+02
1.343029272638218572e+02
1.353024078593067543e+02
1.363018884547915377e+02
1.373013690502764348e+02
1.373008496457613319e+02
1.383003302412461153e+02
1.382998108367310124e+02
1.392992914322159095e+02
1.392987720277006929e+02
1.402982526231855900e+02
1.402977332186703734e+02
1.412972138141552705e+02
1.412966944096401676e+02
1.412961750051249510e+02
1.412956556006098481e+02
1.422951361960946315e+02
1.422946167915795286e+02
1.432940973870644257e+02
1.432935779825492091e+02
1.442930585780341062e+02
1.452925391735190033e+02
1.462920197690037867e+02
1.472915003644886838e+02
1.472909809599734672e+02
1.482904615554583643e+02
1.482899421509432614e+02
1.482894227464280448e+02
1.492889033419129419e+02
1.492883839373978390e+02
1.492878645328826224e+02
1.492873451283675195e+02
1.502868257238523029e+02
1.502863063193372000e+02
1.512857869148220971e+02
1.522852675103068805e+02
1.532847481057917776e+02
1.542842287012765610e+02
1.552837092967614581e+02
1.552831898922463552e+02
1.562826704877311386e+02
1.572821510832160357e+02
1.582816316787009328e+02
1.592811122741857162e+02
1.592805928696706133e+02
1.602800734651553967e+02
1.602795540606402938e+02
1.602790346561251908e+02
1.602785152516099743e+02
1.602779958470948714e+02
1.602774764425796548e+02
1.602769570380645519e+02
1.602764376335494489e+02
1.602759182290342324e+02
1.592753988245191294e+02
1.592748794200040265e+02
1.582743600154888099e+02
1.582738406109737070e+02
1.572733212064584905e+02
1.562728018019433875e+02
1.562722823974282846e+02
1.552717629929130680e+02
1.542712435883979651e+02
1.542707241838827485e+02
1.532702047793676456e+02
1.522696853748525427e+02
1.512691659703373261e+02
1.512686465658222232e+02
1.512681271613071203e+02
1.502676077567919037e+02
1.502670883522768008e+02
1.492665689477615842e+02
1.492660495432464813e+02
1.482655301387313784e+02
1.482650107342161618e+02
1.472644913297010589e+02
1.472639719251858423e+02
1.472634525206707394e+02
1.482629331161556365e+02
1.492624137116404199e+02
1.502618943071253170e+02
1.502613749026102141e+02
1.512608554980949975e+02
1.512603360935798946e+02
1.512598166890646780e+02
1.522592972845495751e+02
1.522587778800344722e+02
1.522582584755192556e+02
1.522577390710041527e+02
1.512572196664889361e+02
1.512567002619738332e+02
1.512561808574587303e+02
1.512556614529435137e+02
1.512551420484284108e+02
1.512546226439133079e+02
1.512541032393980913e+02
1.512535838348829884e+02
1.512530644303677718e+02
1.512525450258526689e+02
1.522520256213375660e+02
1.522515062168223494e+02
1.522509868123072465e+02
1.522504674077920299e+02
1.522499480032769270e+02
1.512494285987618241e+02
1.512489091942466075e+02
1.502483897897315046e+02
1.502478703852164017e+02
1.492473509807011851e+02
1.482468315761860822e+02
1.462463121716708656e+02
1.452457927671557627e+02
1.442452733626406598e+02
1.432447539581254432e+02
1.422442345536103403e+02
1.412437151490952374e+02
1.392431957445800208e+02
1.382426763400649179e+02
1.362421569355497013e+02
1.352416375310345984e+02
1.332411181265194955e+02
1.322405987220042789e+02
1.312400793174891760e+02
1.302395599129739594e+02
1.302390405084588565e+02
1.292385211039437536e+02
1.292380016994285370e+02
1.282374822949134341e+02
1.282369628903983312e+02
1.272364434858831146e+02
1.272359240813680117e+02
1.272354046768527951e+02
1.262348852723376922e+02
1.262343658678225893e+02
1.262338464633073727e+02
1.252333270587922698e+02
1.252328076542770532e+02
1.242322882497619503e+02
1.232317688452468474e+02
1.232312494407316308e+02
1.232307300362165279e+02
1.232302106317014250e+02
1.232296912271862084e+02
1.232291718226711055e+02
1.222286524181558889e+02
1.222281330136407860e+02
1.222276136091256831e+02
1.222270942046104665e+02
1.222265748000953636e+02
1.222260553955801470e+02
1.232255359910650441e+02
1.232250165865499412e+02
1.232244971820347246e+02
1.232239777775196217e+02
1.232234583730045188e+02
1.232229389684893022e+02
1.232224195639741993e+02
1.232219001594589827e+02
1.232213807549438798e+02
1.232208613504287769e+02
1.232203419459135603e+02
1.242198225413984574e+02
1.242193031368832408e+02
1.252187837323681379e+02
1.262182643278530350e+02
1.272177449233378184e+02
1.272172255188227155e+02
1.282167061143076126e+02
1.282161867097923960e+02
1.292156673052772931e+02
1.302151479007620765e+02
1.312146284962469736e+02
1.332141090917318706e+02
1.342135896872166541e+02
1.362130702827015512e+02
1.372125508781863346e+02
1.382120314736712317e+02
1.392115120691561287e+02
1.402109926646409122e+02
1.402104732601258092e+02
1.412099538556107063e+02
1.422094344510954897e+02
1.442089150465803868e+02
1.462083956420651703e+02
1.472078762375500673e+02
1.482073568330349644e+02
1.482068374285197478e+02
1.492063180240046449e+02
1.492057986194894283e+02
1.482052792149743254e+02
1.482047598104592225e+02
1.472042404059440059e+02
1.462037210014289030e+02
1.452032015969138001e+02
1.442026821923985835e+02
1.432021627878834806e+02
1.432016433833682640e+02
1.432011239788531611e+02
1.422006045743380582e+02
1.422000851698228416e+02
1.411995657653077387e+02
1.411990463607926358e+02
1.401985269562774192e+02
1.401980075517623163e+02
1.391974881472470997e+02
1.381969687427319968e+02
1.381964493382168939e+02
1.371959299337016773e+02
1.351954105291865744e+02
1.321948911246713578e+02
1.291943717201562549e+02
1.271938523156411520e+02
1.251933329111259354e+02
1.231928135066108325e+02
1.221922941020957296e+02
1.211917746975805130e+02
1.211912552930654101e+02
1.211907358885501935e+02
1.211902164840350906e+02
1.211896970795199877e+02
1.211891776750047711e+02
1.211886582704896682e+02
1.221881388659744516e+02
1.221876194614593487e+02
1.461871000569442458e+02
1.451865806524290292e+02
1.491860612479139263e+02
1.511855418433988234e+02
1.531850224388836068e+02
1.551845030343685039e+02
1.411839836298532873e+02
1.401834642253381844e+02
1.391829448208230815e+02
1.321824254163078649e+02
1.671819060117927620e+02
1.681813866072775454e+02
1.701808672027624425e+02
1.711803477982473396e+02
1.721798283937321230e+02
1.731793089892170201e+02
1.741787895847019172e+02
1.751782701801867006e+02
1.761777507756715977e+02
1.771772313711563811e+02
1.781767119666412782e+02
1.791761925621261753e+02
1.801756731576109587e+02
1.811751537530958558e+02
1.821746343485806392e+02
1.831741149440655363e+02
1.841735955395504334e+02
1.851730761350352168e+02
1.861725567305201139e+02
1.871720373260050110e+02
1.871715179214897944e+02
1.881709985169746915e+02
1.891704791124594749e+02
1.901699597079443720e+02
1.911694403034292691e+02
1.921689208989140525e+02
1.921684014943989496e+02
1.921678820898837330e+02
1.921673626853686301e+02
1.921668432808535272e+02
1.921663238763383106e+02
1.921658044718232077e+02
1.921652850673081048e+02
1.921647656627928882e+02
1.921642462582777853e+02
1.921637268537625687e+02
1.921632074492474658e+02
1.921626880447323629e+02
1.921621686402171463e+02
1.921616492357020434e+02
1.921611298311868268e+02
1.921606104266717239e+02
1.911600910221566210e+02
1.911595716176414044e+02
1.901590522131263015e+02
1.901585328086111986e+02
1.901580134040959820e+02
1.891574939995808791e+02
1.891569745950656625e+02
1.881564551905505596e+02
1.871559357860354567e+02
1.871554163815202401e+02
1.871548969770051372e+02
1.871543775724900343e+02
1.871538581679748177e+02
1.881533387634597148e+02
1.881528193589444982e+02
1.891522999544293953e+02
1.901517805499142924e+02
1.901512611453990758e+02
1.911507417408839729e+02
1.911502223363687563e+02
1.921497029318536534e+02
1.921491835273385504e+02
1.931486641228233339e+02
1.931481447183082309e+02
1.931476253137931280e+02
1.941471059092779115e+02
1.951465865047628085e+02
1.961460671002475920e+02
1.991455476957324890e+02
2.011450282912173861e+02
2.061445088867021695e+02
2.071439894821870666e+02
2.081434700776718500e+02
2.091429506731567471e+02
2.091424312686416442e+02
2.091419118641264276e+02
2.101413924596113247e+02
2.101408730550962218e+02
2.101403536505810052e+02
2.101398342460659023e+02
2.111393148415506857e+02
2.121387954370355828e+02
2.121382760325204799e+02
2.131377566280052633e+02
2.131372372234901604e+02
2.141367178189749438e+02
2.141361984144598409e+02
2.141356790099447380e+02
2.131351596054295214e+02
2.131346402009144185e+02
2.131341207963993156e+02
2.121336013918840990e+02
2.121330819873689961e+02
2.121325625828537795e+02
2.111320431783386766e+02
2.101315237738235737e+02
2.091310043693083571e+02
2.091304849647932542e+02
2.091299655602780376e+02
2.081294461557629347e+02
2.081289267512478318e+02
2.081284073467326152e+02
2.081278879422175123e+02
2.081273685377024094e+02
2.081268491331871928e+02
2.071263297286720899e+02
2.071258103241568733e+02
2.071252909196417704e+02
2.061247715151266675e+02
2.061242521106114509e+02
2.051237327060963480e+02
2.051232133015811314e+02
2.041226938970660285e+02
2.041221744925509256e+02
2.031216550880357090e+02
2.021211356835206061e+02
2.011206162790055032e+02
2.011200968744902866e+02
2.001195774699751837e+02
2.001190580654599671e+02
2.001185386609448642e+02
1.991180192564297613e+02
1.991174998519145447e+02
1.991169804473994418e+02
1.981164610428842252e+02
1.981159416383691223e+02
1.971154222338540194e+02
1.971149028293388028e+02
1.961143834248236999e+02
1.951138640203085970e+02
1.951133446157933804e+02
1.941128252112782775e+02
1.931123058067630609e+02
1.921117864022479580e+02
1.901112669977328551e+02
1.891107475932176385e+02
1.881102281887025356e+02
1.871097087841874327e+02
1.851091893796722161e+02
1.851086699751571132e+02
1.841081505706418966e+02
1.841076311661267937e+02
1.841071117616116908e+02
1.841065923570964742e+02
1.831060729525813713e+02
1.831055535480661547e+02
1.821050341435510518e+02
1.821045147390359489e+02
1.801039953345207323e+02
1.331034759300056294e+02
1.381029565254905265e+02
1.401024371209753099e+02
1.421019177164602070e+02
1.441013983119449904e+02
1.451008789074298875e+02
1.501003595029147846e+02
1.520998400983995680e+02
1.550993206938844651e+02
1.200988012893692485e+02
1.200982818848541456e+02
1.190977624803390427e+02
1.180972430758238261e+02
1.170967236713087232e+02
1.170962042667936203e+02
1.160956848622784037e+02
1.160951654577633008e+02
1.150946460532480842e+02
1.150941266487329813e+02
1.140936072442178784e+02
1.140930878397026618e+02
1.140925684351875589e+02
1.140920490306723423e+02
1.140915296261572394e+02
1.140910102216421365e+02
1.130904908171269199e+02
1.130899714126118170e+02
1.130894520080967141e+02
1.120889326035814975e+02
1.120884131990663946e+02
1.120878937945511780e+02
1.110873743900360751e+02
1.110868549855209721e+02
1.110863355810057556e+02
1.110858161764906527e+02
1.120852967719754361e+02
1.120847773674603332e+02
1.130842579629452302e+02
1.140837385584300137e+02
1.160832191539149107e+02
1.190826997493998078e+02
1.210821803448845912e+02
1.220816609403694883e+02
1.240811415358542718e+02
1.280806221313391688e+02
1.290801027268240659e+02
1.290795833223088493e+02
1.300790639177937464e+02
1.290785445132785298e+02
1.290780251087634269e+02
1.290775057042483240e+02
1.290769862997331074e+02
1.300764668952180045e+02
1.300759474907029016e+02
1.300754280861876850e+02
1.310749086816725821e+02
1.310743892771573655e+02
1.310738698726422626e+02
1.310733504681271597e+02
1.320728310636119431e+02
1.320723116590968402e+02
1.320717922545816236e+02
1.330712728500665207e+02
1.340707534455514178e+02
1.360702340410362012e+02
1.370697146365210983e+02
1.370691952320059954e+02
1.380686758274907788e+02
1.380681564229756759e+02
1.380676370184604593e+02
1.380671176139453564e+02
1.380665982094302535e+02
1.380660788049150369e+02
1.390655594003999340e+02
1.390650399958847174e+02
1.390645205913696145e+02
1.390640011868545116e+02
1.390634817823392950e+02
1.390629623778241921e+02
1.390624429733090892e+02
1.390619235687938726e+02
1.390614041642787697e+02
1.390608847597635531e+02
1.390603653552484502e+02
1.390598459507333473e+02
1.390593265462181307e+02
1.400588071417030278e+02
1.400582877371879249e+02
1.400577683326727083e+02
1.400572489281576054e+02
1.400567295236423888e+02
1.400562101191272859e+02
1.400556907146121830e+02
1.400551713100969664e+02
1.400546519055818635e+02
1.400541325010666469e+02
1.400536130965515440e+02
1.390530936920364411e+02
1.390525742875212245e+02
1.380520548830061216e+02
1.380515354784910187e+02
1.370510160739758021e+02
1.370504966694606992e+02
1.360499772649454826e+02
1.350494578604303797e+02
1.340489384559152768e+02
1.340484190514000602e+02
1.330478996468849573e+02
1.330473802423697407e+02
1.320468608378546378e+02
1.310463414333395349e+02
1.310458220288243183e+02
1.300453026243092154e+02
1.280447832197941125e+02
1.270442638152788959e+02
1.270437444107637930e+02
1.270432250062485764e+02
1.270427056017334735e+02
1.280421861972183706e+02
1.290416667927031540e+02
1.320411473881880511e+02
1.480406279836728345e+02
1.490401085791577316e+02
1.500395891746426287e+02
1.510390697701274121e+02
1.520385503656123092e+02
1.530380309610972063e+02
1.540375115565819897e+02
1.550369921520668868e+02
1.560364727475516702e+02
1.570359533430365673e+02
1.580354339385214644e+02
1.590349145340062478e+02
1.590343951294911449e+02
1.600338757249759283e+02
1.600333563204608254e+02
1.610328369159457225e+02
1.610323175114305059e+02
1.620317981069154030e+02
1.620312787024003001e+02
1.620307592978850835e+02
1.620302398933699806e+02
1.620297204888547640e+02
1.620292010843396611e+02
1.620286816798245582e+02
1.620281622753093416e+02
1.620276428707942387e+02
1.620271234662790221e+02
1.630266040617639192e+02
1.630260846572488163e+02
1.620255652527335997e+02
1.620250458482184968e+02
1.620245264437033939e+02
1.620240070391881773e+02
1.620234876346730744e+02
1.610229682301578578e+02
1.610224488256427549e+02
1.600219294211276519e+02
1.600214100166124354e+02
1.590208906120973325e+02
1.590203712075821159e+02
1.580198518030670130e+02
1.560193323985519100e+02
1.550188129940366935e+02
1.540182935895215905e+02
1.530177741850064876e+02
1.520172547804912710e+02
1.510167353759761681e+02
1.500162159714609516e+02
1.490156965669458486e+02
1.480151771624307457e+02
1.470146577579155291e+02
1.470141383534004262e+02
1.460136189488853233e+02
1.460130995443701067e+02
1.460125801398550038e+02
1.450120607353397872e+02
1.450115413308246843e+02
1.440110219263095814e+02
1.440105025217943648e+02
1.430099831172792619e+02
1.430094637127640453e+02
1.430089443082489424e+02
1.430084249037338395e+02
1.430079054992186229e+02
1.430073860947035200e+02
1.420068666901884171e+02
1.420063472856732005e+02
1.420058278811580976e+02
1.410053084766428810e+02
1.410047890721277781e+02
1.410042696676126752e+02
1.410037502630974586e+02
1.410032308585823557e+02
1.410027114540671391e+02
1.420021920495520362e+02
1.430016726450369333e+02
1.440011532405217167e+02
1.450006338360066138e+02
1.460001144314915109e+02
1.459995950269762943e+02
1.469990756224611914e+02
1.469985562179459748e+02
1.479980368134308719e+02
1.479975174089157690e+02
1.479969980044005524e+02
1.489964785998854495e+02
1.499959591953702329e+02
1.499954397908551300e+02
1.509949203863400271e+02
1.509944009818248105e+02
1.509938815773097076e+02
1.509933621727946047e+02
1.509928427682793881e+02
1.499923233637642852e+02
1.499918039592490686e+02
1.499912845547339657e+02
1.499907651502188628e+02
1.509902457457036462e+02
1.509897263411885433e+02
1.519892069366733267e+02
1.519886875321582238e+02
1.519881681276431209e+02
1.509876487231279043e+02
1.509871293186128014e+02
1.509866099140976985e+02
1.499860905095824819e+02
1.499855711050673790e+02
1.499850517005521624e+02
1.499845322960370595e+02
1.499840128915219566e+02
1.499834934870067400e+02
1.499829740824916371e+02
1.509824546779764205e+02
1.509819352734613176e+02
1.509814158689462147e+02
1.499808964644309981e+02
1.499803770599158952e+02
1.499798576554007923e+02
1.499793382508855757e+02
1.509788188463704728e+02
1.509782994418552562e+02
1.519777800373401533e+02
1.519772606328250504e+02
1.509767412283098338e+02
1.509762218237947309e+02
1.509757024192795143e+02
1.499751830147644114e+02
1.499746636102493085e+02
1.499741442057340919e+02
1.499736248012189890e+02
1.489731053967038861e+02
1.489725859921886695e+02
1.489720665876735666e+02
1.489715471831583500e+02
1.499710277786432471e+02
1.499705083741281442e+02
1.499699889696129276e+02
1.509694695650978247e+02
1.509689501605827218e+02
1.519684307560675052e+02
1.529679113515524023e+02
1.539673919470371857e+02
1.549668725425220828e+02
1.559663531380069799e+02
1.569658337334917633e+02
1.579653143289766604e+02
1.589647949244614438e+02
1.599642755199463409e+02
1.609637561154312380e+02
1.619632367109160214e+02
1.639627173064009185e+02
1.669621979018858156e+02
1.689616784973705990e+02
1.719611590928554961e+02
1.749606396883402795e+02
1.769601202838251766e+02
1.789596008793100737e+02
1.809590814747948571e+02
1.829585620702797542e+02
1.829580426657645376e+02
1.849575232612494347e+02
1.869570038567343317e+02
1.879564844522191152e+02
1.899559650477040122e+02
1.909554456431889093e+02
1.919549262386736928e+02
1.929544068341585898e+02
1.949538874296433733e+02
1.959533680251282703e+02
1.969528486206131674e+02
1.969523292160979508e+02
1.979518098115828479e+02
1.979512904070676313e+02
1.989507710025525284e+02
1.989502515980374255e+02
1.999497321935222089e+02
1.999492127890071060e+02
1.999486933844920031e+02
2.009481739799767865e+02
2.009476545754616836e+02
2.019471351709464670e+02
2.029466157664313641e+02
2.029460963619162612e+02
2.039455769574010446e+02
2.039450575528859417e+02
2.049445381483707251e+02
2.049440187438556222e+02
2.049434993393405193e+02
2.049429799348253027e+02
2.049424605303101998e+02
2.049419411257950969e+02
2.049414217212798803e+02
2.049409023167647774e+02
2.049403829122495608e+02
2.049398635077344579e+02
2.049393441032193550e+02
2.049388246987041384e+02
2.049383052941890355e+02
2.049377858896738189e+02
2.059372664851587160e+02
2.069367470806436131e+02
2.069362276761283965e+02
2.079357082716132936e+02
2.079351888670981907e+02
2.089346694625829741e+02
2.089341500580678712e+02
2.089336306535526546e+02
2.099331112490375517e+02
2.099325918445224488e+02
2.099320724400072322e+02
2.109315530354921293e+02
2.109310336309769127e+02
2.109305142264618098e+02
2.109299948219467069e+02
2.119294754174314903e+02
2.119289560129163874e+02
2.159284366084012845e+02
2.219279172038860679e+02
2.249273977993709650e+02
2.269268783948557484e+02
2.289263589903406455e+02
2.309258395858255426e+02
2.319253201813103260e+02
2.339248007767952231e+02
2.349242813722801202e+02
2.359237619677649036e+02
2.369232425632498007e+02
2.369227231587345841e+02
2.379222037542194812e+02
2.389216843497043783e+02
2.389211649451891617e+02
2.399206455406740588e+02
2.399201261361588422e+02
2.409196067316437393e+02
2.409190873271286364e+02
2.409185679226134198e+02
2.409180485180983169e+02
2.419175291135832140e+02
2.419170097090679974e+02
2.419164903045528945e+02
2.419159709000376779e+02
2.419154514955225750e+02
2.419149320910074721e+02
2.419144126864922555e+02
2.429138932819771526e+02
2.429133738774619360e+02
2.429128544729468331e+02
2.419123350684317302e+02
2.419118156639165136e+02
2.419112962594014107e+02
2.409107768548863078e+02
2.399102574503710912e+02
2.389097380458559883e+02
2.379092186413407717e+02
2.369086992368256688e+02
2.359081798323105659e+02
2.359076604277953493e+02
2.359071410232802464e+02
2.359066216187650298e+02
2.349061022142499269e+02
2.349055828097348240e+02
2.349050634052196074e+02
2.349045440007045045e+02
2.339040245961894016e+02
2.339035051916741850e+02
2.339029857871590821e+02
2.339024663826438655e+02
2.339019469781287626e+02
2.349014275736136597e+02
2.349009081690984431e+02
2.349003887645833402e+02
2.348998693600681236e+02
2.348993499555530207e+02
2.348988305510379178e+02
2.358983111465227012e+02
2.358977917420075983e+02
2.368972723374924954e+02
2.368967529329772788e+02
2.368962335284621759e+02
2.378957141239469593e+02
2.378951947194318564e+02
2.378946753149167535e+02
2.378941559104015369e+02
2.378936365058864340e+02
2.378931171013712174e+02
2.378925976968561145e+02
2.378920782923410115e+02
2.368915588878257950e+02
2.368910394833106920e+02
2.368905200787955891e+02
2.368900006742803726e+02
2.368894812697652696e+02
2.368889618652500531e+02
2.368884424607349501e+02
2.368879230562198472e+02
2.358874036517046306e+02
2.358868842471895277e+02
2.358863648426743111e+02
2.358858454381592082e+02
2.358853260336441053e+02
2.348848066291288887e+02
2.338842872246137858e+02
2.328837678200986829e+02
2.318832484155834663e+02
2.308827290110683634e+02
2.298822096065531468e+02
2.298816902020380439e+02
2.288811707975229410e+02
2.288806513930077244e+02
2.278801319884926215e+02
2.278796125839775186e+02
2.268790931794623020e+02
2.258785737749471991e+02
2.258780543704319825e+02
2.248775349659168796e+02
2.238770155614017767e+02
2.238764961568865601e+02
2.228759767523714572e+02
2.218754573478562406e+02
2.208749379433411377e+02
2.188744185388260348e+02
2.178738991343108182e+02
2.168733797297957153e+02
2.158728603252806124e+02
2.158723409207653958e+02
2.148718215162502929e+02
2.148713021117350763e+02
2.148707827072199734e+02
2.138702633027048705e+02
2.138697438981896539e+02
2.128692244936745510e+02
2.118687050891593344e+02
2.118681856846442315e+02
2.108676662801291286e+02
2.098671468756139120e+02
2.098666274710988091e+02
2.088661080665837062e+02
2.088655886620684896e+02
2.088650692575533867e+02
2.078645498530381701e+02
2.078640304485230672e+02
2.068635110440079643e+02
2.058629916394927477e+02
2.048624722349776448e+02
2.038619528304624282e+02
2.018614334259473253e+02
2.008609140214322224e+02
1.698603946169170058e+02
1.708598752124019029e+02
1.678593558078868000e+02
1.758588364033715834e+02
1.778583169988564805e+02
1.618577975943412639e+02
1.598572781898261610e+02
1.558567587853110581e+02
1.528562393807958415e+02
1.498557199762807386e+02
1.488552005717655220e+02
1.478546811672504191e+02
1.468541617627353162e+02
1.468536423582200996e+02
1.458531229537049967e+02
1.458526035491898938e+02
1.458520841446746772e+02
1.458515647401595743e+02
1.458510453356443577e+02
1.448505259311292548e+02
1.448500065266141519e+02
1.438494871220989353e+02
1.438489677175838324e+02
1.438484483130686158e+02
1.428479289085535129e+02
1.428474095040384100e+02
1.428468900995231934e+02
1.428463706950080905e+02
1.428458512904929876e+02
1.428453318859777710e+02
1.428448124814626681e+02
1.438442930769474515e+02
1.438437736724323486e+02
1.438432542679172457e+02
1.438427348634020291e+02
1.448422154588869262e+02
1.448416960543717096e+02
1.448411766498566067e+02
1.448406572453415038e+02
1.438401378408262872e+02
1.438396184363111843e+02
1.428390990317960814e+02
1.428385796272808648e+02
1.418380602227657619e+02
1.418375408182505453e+02
1.408370214137354424e+02
1.408365020092203395e+02
1.398359826047051229e+02
1.398354632001900200e+02
1.388349437956748034e+02
1.388344243911597005e+02
1.378339049866445976e+02
1.368333855821293810e+02
1.368328661776142781e+02
1.368323467730991752e+02
1.368318273685839586e+02
1.368313079640688557e+02
1.358307885595536391e+02
1.358302691550385362e+02
1.358297497505234332e+02
1.358292303460082167e+02
1.368287109414931138e+02
1.368281915369780108e+02
1.368276721324627943e+02
1.378271527279476913e+02
1.378266333234324748e+02
1.378261139189173718e+02
1.388255945144022689e+02
1.388250751098870523e+02
1.388245557053719494e+02
1.388240363008567329e+02
1.378235168963416299e+02
1.378229974918265270e+02
1.378224780873113104e+02
1.378219586827962075e+02
1.378214392782811046e+02
1.378209198737658880e+02
1.378204004692507851e+02
1.378198810647355685e+02
1.378193616602204656e+02
1.378188422557053627e+02
1.378183228511901461e+02
1.378178034466750432e+02
1.388172840421598266e+02
1.388167646376447237e+02
1.388162452331296208e+02
1.398157258286144042e+02
1.398152064240993013e+02
1.398146870195841984e+02
1.398141676150689818e+02
1.388136482105538789e+02
1.388131288060386623e+02
1.388126094015235594e+02
1.378120899970084565e+02
1.378115705924932399e+02
1.378110511879781370e+02
1.378105317834629204e+02
1.368100123789478175e+02
1.368094929744327146e+02
1.358089735699174980e+02
1.358084541654023951e+02
1.358079347608872922e+02
1.348074153563720756e+02
1.348068959518569727e+02
1.348063765473417561e+02
1.338058571428266532e+02
1.338053377383115503e+02
1.338048183337963337e+02
1.338042989292812308e+02
1.338037795247660142e+02
1.338032601202509113e+02
1.338027407157358084e+02
1.348022213112205918e+02
1.358017019067054889e+02
1.358011825021903860e+02
1.368006630976751694e+02
1.368001436931600665e+02
1.367996242886448499e+02
1.357991048841297470e+02
1.357985854796146441e+02
1.347980660750994275e+02
1.347975466705843246e+02
1.337970272660691080e+02
1.337965078615540051e+02
1.337959884570389022e+02
1.327954690525236856e+02
1.327949496480085827e+02
1.327944302434934798e+02
1.327939108389782632e+02
1.327933914344631603e+02
1.327928720299479437e+02
1.327923526254328408e+02
1.337918332209177379e+02
1.347913138164025213e+02
1.357907944118874184e+02
1.357902750073722018e+02
1.367897556028570989e+02
1.367892361983419960e+02
1.377887167938267794e+02
1.377881973893116765e+02
1.377876779847965736e+02
1.377871585802813570e+02
1.377866391757662541e+02
1.387861197712510375e+02
1.387856003667359346e+02
1.387850809622208317e+02
1.397845615577056151e+02
1.397840421531905122e+02
1.397835227486754093e+02
1.407830033441601927e+02
1.407824839396450898e+02
1.407819645351298732e+02
1.407814451306147703e+02
1.407809257260996674e+02
1.407804063215844508e+02
1.407798869170693479e+02
1.407793675125541313e+02
1.407788481080390284e+02
1.407783287035239255e+02
1.407778092990087089e+02
1.407772898944936060e+02
1.407767704899785031e+02
1.417762510854632865e+02
1.417757316809481836e+02
1.417752122764329670e+02
1.427746928719178641e+02
1.427741734674027612e+02
1.427736540628875446e+02
1.427731346583724417e+02
1.417726152538572251e+02
1.417720958493421222e+02
1.407715764448270193e+02
1.397710570403118027e+02
1.397705376357966998e+02
1.387700182312815969e+02
1.377694988267663803e+02
1.367689794222512774e+02
1.357684600177360608e+02
1.357679406132209579e+02
1.357674212087058550e+02
1.357669018041906384e+02
1.357663823996755355e+02
1.357658629951603189e+02
1.357653435906452160e+02
1.357648241861301130e+02
1.367643047816148965e+02
1.377637853770997935e+02
1.387632659725846906e+02
1.397627465680694741e+02
1.417622271635543711e+02
1.437617077590391546e+02
1.447611883545240516e+02
1.447606689500089487e+02
1.457601495454937321e+02
1.457596301409786292e+02
1.467591107364634126e+02
1.467585913319483097e+02
1.477580719274332068e+02
1.477575525229179902e+02
1.477570331184028873e+02
1.477565137138877844e+02
1.477559943093725678e+02
1.467554749048574649e+02
1.467549555003422483e+02
1.457544360958271454e+02
1.457539166913120425e+02
1.447533972867968259e+02
1.447528778822817230e+02
1.437523584777665064e+02
1.437518390732514035e+02
1.427513196687363006e+02
1.417508002642210840e+02
1.417502808597059811e+02
1.417497614551908782e+02
1.417492420506756616e+02
1.417487226461605587e+02
1.407482032416453421e+02
1.407476838371302392e+02
1.407471644326151363e+02
1.407466450280999197e+02
1.407461256235848168e+02
1.397456062190696002e+02
1.397450868145544973e+02
1.397445674100393944e+02
1.397440480055241778e+02
1.397435286010090749e+02
1.397430091964939720e+02
1.397424897919787554e+02
1.397419703874636525e+02
1.407414509829484359e+02
1.407409315784333330e+02
1.407404121739182301e+02
1.417398927694030135e+02
1.417393733648879106e+02
1.427388539603728077e+02
1.427383345558575911e+02
1.427378151513424882e+02
1.417372957468272716e+02
1.417367763423121687e+02
1.397362569377970658e+02
1.337357375332818492e+02
1.267352181287667463e+02
1.227346987242515297e+02
1.217341793197364268e+02
1.207336599152213239e+02
1.207331405107061073e+02
1.207326211061910044e+02
1.207321017016759015e+02
1.207315822971606849e+02
1.197310628926455820e+02
1.197305434881303654e+02
1.197300240836152625e+02
1.197295046791001596e+02
1.197289852745849430e+02
1.197284658700698401e+02
1.197279464655546235e+02
1.207274270610395206e+02
1.207269076565244177e+02
1.207263882520092011e+02
1.207258688474940982e+02
1.207253494429789953e+02
1.207248300384637787e+02
1.207243106339486758e+02
1.207237912294334592e+02
1.207232718249183563e+02
1.207227524204032534e+02
1.207222330158880368e+02
1.207217136113729339e+02
1.207211942068577173e+02
1.207206748023426144e+02
1.207201553978275115e+02
1.207196359933122949e+02
1.207191165887971920e+02
1.207185971842820891e+02
1.217180777797668725e+02
1.217175583752517696e+02
1.217170389707365530e+02
1.217165195662214501e+02
1.217160001617063472e+02
1.217154807571911306e+02
1.217149613526760277e+02
1.217144419481608111e+02
1.217139225436457082e+02
1.217134031391306053e+02
1.227128837346153887e+02
1.227123643301002858e+02
1.237118449255851829e+02
1.247113255210699663e+02
1.257108061165548634e+02
1.267102867120396468e+02
1.277097673075245439e+02
1.277092479030094410e+02
1.287087284984942244e+02
1.287082090939791215e+02
1.297076896894639049e+02
1.297071702849488020e+02
1.297066508804336991e+02
1.297061314759184825e+02
1.297056120714033796e+02
1.297050926668882767e+02
1.297045732623730601e+02
1.297040538578579572e+02
1.297035344533427406e+02
1.297030150488276377e+02
1.297024956443125348e+02
1.307019762397973182e+02
1.307014568352822153e+02
1.307009374307669987e+02
1.317004180262518958e+02
1.316998986217367928e+02
1.326993792172215763e+02
1.326988598127064733e+02
1.336983404081913704e+02
1.346978210036761539e+02
1.356973015991610509e+02
1.366967821946458344e+02
1.376962627901307314e+02
1.386957433856156285e+02
1.406952239811004119e+02
1.416947045765853090e+02
1.446941851720702061e+02
1.486936657675549895e+02
1.506931463630398866e+02
1.506926269585246700e+02
1.516921075540095671e+02
1.516915881494944642e+02
1.526910687449792476e+02
1.526905493404641447e+02
1.526900299359489281e+02
1.516895105314338252e+02
1.516889911269187223e+02
1.506884717224035057e+02
1.506879523178884028e+02
1.496874329133732999e+02
1.496869135088580833e+02
1.486863941043429804e+02
1.476858746998277638e+02
1.466853552953126609e+02
1.466848358907975580e+02
1.466843164862823414e+02
1.466837970817672385e+02
1.466832776772520219e+02
1.476827582727369190e+02
1.486822388682218161e+02
1.486817194637065995e+02
1.496812000591914966e+02
1.496806806546763937e+02
1.496801612501611771e+02
1.506796418456460742e+02
1.516791224411308576e+02
1.536786030366157547e+02
1.546780836321006518e+02
1.556775642275854352e+02
1.566770448230703323e+02
1.566765254185551157e+02
1.576760060140400128e+02
1.576754866095249099e+02
1.576749672050096933e+02
1.586744478004945904e+02
1.596739283959794875e+02
1.596734089914642709e+02
1.606728895869491680e+02
1.616723701824339514e+02
1.626718507779188485e+02
1.636713313734037456e+02
1.646708119688885290e+02
1.656702925643734261e+02
1.676697731598582095e+02
1.696692537553431066e+02
1.716687343508280037e+02
1.736682149463127871e+02
1.746676955417976842e+02
1.746671761372825813e+02
1.756666567327673647e+02
1.756661373282522618e+02
1.766656179237370452e+02
1.766650985192219423e+02
1.776645791147068394e+02
1.776640597101916228e+02
1.776635403056765199e+02
1.776630209011613033e+02
1.786625014966462004e+02
1.786619820921310975e+02
1.796614626876158809e+02
1.796609432831007780e+02
1.796604238785856751e+02
1.796599044740704585e+02
1.806593850695553556e+02
1.806588656650401390e+02
1.806583462605250361e+02
1.816578268560099332e+02
1.816573074514947166e+02
1.826567880469796137e+02
1.826562686424643971e+02
1.836557492379492942e+02
1.846552298334341913e+02
1.846547104289189747e+02
1.856541910244038718e+02
1.856536716198887689e+02
1.866531522153735523e+02
1.866526328108584494e+02
1.876521134063432328e+02
1.876515940018281299e+02
1.886510745973130270e+02
1.886505551927978104e+02
1.896500357882827075e+02
1.906495163837676046e+02
1.906489969792523880e+02
1.916484775747372851e+02
1.916479581702220685e+02
1.926474387657069656e+02
1.926469193611918627e+02
1.926463999566766461e+02
1.926458805521615432e+02
1.926453611476463266e+02
1.926448417431312237e+02
1.916443223386161208e+02
1.916438029341009042e+02
1.916432835295858013e+02
1.916427641250706984e+02
1.916422447205554818e+02
1.926417253160403789e+02
1.926412059115251623e+02
1.926406865070100594e+02
1.936401671024949565e+02
1.936396476979797399e+02
1.956391282934646370e+02
1.976386088889494204e+02
1.986380894844343175e+02
1.996375700799192145e+02
2.006370506754039980e+02
2.016365312708888951e+02
2.026360118663737921e+02
2.036354924618585756e+02
2.046349730573434726e+02
2.056344536528282561e+02
2.066339342483131531e+02
2.066334148437980502e+02
2.066328954392828336e+02
2.066323760347677307e+02
2.066318566302525142e+02
2.066313372257374112e+02
2.066308178212223083e+02
2.056302984167070917e+02
2.056297790121919888e+02
2.056292596076768859e+02
2.046287402031616693e+02
2.046282207986465664e+02
2.036277013941313498e+02
2.036271819896162469e+02
2.026266625851011440e+02
2.016261431805859274e+02
2.016256237760708245e+02
2.006251043715556079e+02
1.996245849670405050e+02
1.996240655625254021e+02
1.996235461580101855e+02
1.986230267534950826e+02
1.976225073489799797e+02
1.976219879444647631e+02
1.976214685399496602e+02
1.976209491354344436e+02
1.966204297309193407e+02
1.966199103264042378e+02
1.956193909218890212e+02
1.946188715173739183e+02
1.926183521128587017e+02
1.906178327083435988e+02
1.886173133038284959e+02
1.876167938993132793e+02
1.866162744947981764e+02
1.856157550902830735e+02
1.846152356857678569e+02
1.836147162812527540e+02
1.826141968767375374e+02
1.826136774722224345e+02
1.816131580677073316e+02
1.816126386631921150e+02
1.796121192586770121e+02
1.776115998541617955e+02
1.766110804496466926e+02
1.766105610451315897e+02
1.766100416406163731e+02
1.776095222361012702e+02
1.776090028315861673e+02
1.776084834270709507e+02
1.786079640225558478e+02
1.786074446180406312e+02
1.796069252135255283e+02
1.796064058090104254e+02
1.806058864044952088e+02
1.806053669999801059e+02
1.806048475954648893e+02
1.816043281909497864e+02
1.816038087864346835e+02
1.816032893819194669e+02
1.816027699774043640e+02
1.816022505728892611e+02
1.816017311683740445e+02
1.816012117638589416e+02
1.816006923593437250e+02
1.816001729548286221e+02
1.815996535503135192e+02
1.805991341457983026e+02
1.805986147412831997e+02
1.805980953367680968e+02
1.795975759322528802e+02
1.795970565277377773e+02
1.785965371232225607e+02
1.785960177187074578e+02
1.775954983141923549e+02
1.765949789096771383e+02
1.755944595051620354e+02
1.745939401006468188e+02
1.735934206961317159e+02
1.715929012916166130e+02
1.705923818871013964e+02
1.675918624825862935e+02
1.655913430780711906e+02
1.645908236735559740e+02
1.635903042690408711e+02
1.625897848645256545e+02
1.625892654600105516e+02
1.615887460554954487e+02
1.615882266509802321e+02
1.615877072464651292e+02
1.615871878419499126e+02
1.605866684374348097e+02
1.605861490329197068e+02
1.605856296284044902e+02
1.605851102238893873e+02
1.595845908193742844e+02
1.595840714148590678e+02
1.595835520103439649e+02
1.585830326058287483e+02
1.585825132013136454e+02
1.575819937967985425e+02
1.575814743922833259e+02
1.565809549877682230e+02
1.555804355832530064e+02
1.545799161787379035e+02
1.535793967742228006e+02
1.525788773697075840e+02
1.515783579651924811e+02
1.505778385606773782e+02
1.505773191561621616e+02
1.505767997516470587e+02
1.505762803471318421e+02
1.505757609426167392e+02
1.505752415381016363e+02
1.505747221335864197e+02
1.505742027290713168e+02
1.505736833245561002e+02
1.505731639200409973e+02
1.505726445155258943e+02
1.505721251110106778e+02
1.515716057064955749e+02
1.515710863019804719e+02
1.515705668974652554e+02
1.515700474929501524e+02
1.525695280884349359e+02
1.525690086839198329e+02
1.525684892794047300e+02
1.525679698748895134e+02
1.525674504703744105e+02
1.525669310658591940e+02
1.525664116613440910e+02
1.525658922568289881e+02
1.525653728523137715e+02
1.535648534477986686e+02
1.535643340432835657e+02
1.535638146387683491e+02
1.535632952342532462e+02
1.535627758297380296e+02
1.535622564252229267e+02
1.535617370207078238e+02
1.545612176161926072e+02
1.555606982116775043e+02
1.555601788071622877e+02
1.565596594026471848e+02
1.575591399981320819e+02
1.575586205936168653e+02
1.585581011891017624e+02
1.585575817845866595e+02
1.595570623800714429e+02
1.595565429755563400e+02
1.595560235710411234e+02
1.595555041665260205e+02
1.595549847620109176e+02
1.595544653574957010e+02
1.595539459529805981e+02
1.595534265484654952e+02
1.595529071439502786e+02
1.605523877394351757e+02
1.605518683349199591e+02
1.605513489304048562e+02
1.605508295258897533e+02
1.615503101213745367e+02
1.615497907168594338e+02
1.625492713123442172e+02
1.625487519078291143e+02
1.635482325033140114e+02
1.645477130987987948e+02
1.655471936942836919e+02
1.665466742897685890e+02
1.675461548852533724e+02
1.685456354807382695e+02
1.695451160762230529e+02
1.705445966717079500e+02
1.715440772671928471e+02
1.725435578626776305e+02
1.745430384581625276e+02
1.755425190536473110e+02
1.765419996491322081e+02
1.775414802446171052e+02
1.785409608401018886e+02
1.805404414355867857e+02
1.815399220310716828e+02
1.825394026265564662e+02
1.825388832220413633e+02
1.835383638175261467e+02
1.845378444130110438e+02
1.855373250084959409e+02
1.865368056039807243e+02
1.865362861994656214e+02
1.875357667949504048e+02
1.875352473904353019e+02
1.885347279859201990e+02
1.885342085814049824e+02
1.885336891768898795e+02
1.895331697723747766e+02
1.895326503678595600e+02
1.895321309633444571e+02
1.905316115588292405e+02
1.905310921543141376e+02
1.905305727497990347e+02
1.915300533452838181e+02
1.915295339407687152e+02
1.915290145362534986e+02
1.925284951317383957e+02
1.925279757272232928e+02
1.925274563227080762e+02
1.925269369181929733e+02
1.925264175136778704e+02
1.925258981091626538e+02
1.925253787046475509e+02
1.935248593001323343e+02
1.935243398956172314e+02
1.945238204911021285e+02
1.945233010865869119e+02
1.955227816820718090e+02
1.965222622775565924e+02
1.975217428730414895e+02
1.985212234685263866e+02
1.995207040640111700e+02
2.005201846594960671e+02
2.015196652549809642e+02
2.025191458504657476e+02
2.035186264459506447e+02
2.045181070414354281e+02
2.055175876369203252e+02
2.065170682324052223e+02
2.065165488278900057e+02
2.075160294233749028e+02
2.075155100188596862e+02
2.075149906143445833e+02
2.075144712098294804e+02
2.075139518053142638e+02
2.065134324007991609e+02
2.065129129962840580e+02
2.065123935917688414e+02
2.055118741872537385e+02
2.045113547827385219e+02
2.045108353782234190e+02
2.035103159737083161e+02
2.025097965691930995e+02
2.025092771646779966e+02
2.015087577601628936e+02
2.005082383556476771e+02
2.005077189511325741e+02
1.995071995466173576e+02
1.995066801421022546e+02
1.985061607375871517e+02
1.985056413330719352e+02
1.985051219285568322e+02
1.985046025240416157e+02
1.985040831195265127e+02
1.985035637150114098e+02
1.985030443104961932e+02
1.995025249059810903e+02
1.995020055014659874e+02
1.995014860969507708e+02
2.005009666924356679e+02
2.005004472879204513e+02
2.004999278834053484e+02
2.004994084788902455e+02
2.004988890743750289e+02
2.004983696698599260e+02
2.004978502653447094e+02
2.004973308608296065e+02
1.994968114563145036e+02
1.994962920517992870e+02
1.984957726472841841e+02
1.984952532427690812e+02
1.984947338382538646e+02
1.974942144337387617e+02
1.974936950292235451e+02
1.964931756247084422e+02
1.954926562201933393e+02
1.954921368156781227e+02
1.954916174111630198e+02
1.954910980066478032e+02
1.954905786021327003e+02
1.954900591976175974e+02
1.954895397931023808e+02
1.964890203885872779e+02
1.964885009840721750e+02
1.974879815795569584e+02
1.984874621750418555e+02
1.994869427705266389e+02
2.004864233660115360e+02
2.014859039614964331e+02
2.034853845569812165e+02
2.044848651524661136e+02
2.054843457479508970e+02
2.064838263434357941e+02
2.064833069389206912e+02
2.074827875344054746e+02
2.074822681298903717e+02
2.074817487253752688e+02
2.074812293208600522e+02
2.074807099163449493e+02
2.074801905118297327e+02
2.074796711073146298e+02
2.074791517027995269e+02
2.074786322982843103e+02
2.074781128937692074e+02
2.074775934892539908e+02
2.074770740847388879e+02
2.074765546802237850e+02
2.074760352757085684e+02
2.074755158711934655e+02
2.074749964666783626e+02
2.084744770621631460e+02
2.084739576576480431e+02
2.084734382531328265e+02
2.094729188486177236e+02
2.104723994441026207e+02
2.114718800395874041e+02
2.124713606350723012e+02
2.134708412305570846e+02
2.134703218260419817e+02
2.144698024215268788e+02
2.154692830170116622e+02
2.154687636124965593e+02
2.164682442079814564e+02
2.164677248034662398e+02
2.164672053989511369e+02
2.164666859944359203e+02
2.164661665899208174e+02
2.154656471854057145e+02
2.154651277808904979e+02
2.144646083763753950e+02
2.144640889718602921e+02
2.134635695673450755e+02
2.134630501628299726e+02
2.124625307583147560e+02
2.124620113537996531e+02
2.114614919492845502e+02
2.114609725447693336e+02
2.114604531402542307e+02
2.114599337357390141e+02
2.114594143312239112e+02
2.114588949267088083e+02
2.124583755221935917e+02
2.124578561176784888e+02
2.124573367131633859e+02
2.124568173086481693e+02
2.124562979041330664e+02
2.124557784996178498e+02
2.114552590951027469e+02
2.114547396905876440e+02
2.114542202860724274e+02
2.114537008815573245e+02
2.104531814770421079e+02
2.104526620725270050e+02
2.104521426680119021e+02
2.094516232634966855e+02
2.084511038589815826e+02
2.074505844544664797e+02
2.064500650499512631e+02
2.054495456454361602e+02
1.784490262409209436e+02
1.754485068364058407e+02
1.814479874318907378e+02
1.824474680273755212e+02
1.824469486228604183e+02
1.704464292183452017e+02
1.834459098138300988e+02
1.844453904093149958e+02
1.854448710047997793e+02
1.804443516002846764e+02
1.784438321957695734e+02
1.824433127912543569e+02
1.824427933867392539e+02
1.784422739822240374e+02
1.644417545777089344e+02
1.644412351731938315e+02
1.644407157686786149e+02
1.644401963641635120e+02
1.644396769596482955e+02
1.644391575551331925e+02
1.644386381506180896e+02
1.654381187461028730e+02
1.654375993415877701e+02
1.664370799370726672e+02
1.664365605325574506e+02
1.674360411280423477e+02
1.674355217235271311e+02
1.674350023190120282e+02
1.674344829144969253e+02
1.684339635099817087e+02
1.684334441054666058e+02
1.694329247009513892e+02
1.704324052964362863e+02
1.724318858919211834e+02
1.734313664874059668e+02
1.754308470828908639e+02
1.764303276783757610e+02
1.774298082738605444e+02
1.774292888693454415e+02
1.784287694648302249e+02
1.784282500603151220e+02
1.794277306558000191e+02
1.794272112512848025e+02
1.794266918467696996e+02
1.794261724422544830e+02
1.794256530377393801e+02
1.784251336332242772e+02
1.784246142287090606e+02
1.774240948241939577e+02
1.774235754196788548e+02
1.764230560151636382e+02
1.754225366106485353e+02
1.754220172061333187e+02
1.744214978016182158e+02
1.744209783971031129e+02
1.744204589925878963e+02
1.734199395880727934e+02
1.734194201835576905e+02
1.734189007790424739e+02
1.734183813745273710e+02
1.734178619700121544e+02
1.724173425654970515e+02
1.724168231609819486e+02
1.714163037564667320e+02
1.714157843519516291e+02
1.704152649474364125e+02
1.704147455429213096e+02
1.694142261384062067e+02
1.694137067338909901e+02
1.694131873293758872e+02
1.694126679248607843e+02
1.694121485203455677e+02
1.694116291158304648e+02
1.704111097113152482e+02
1.714105903068001453e+02
1.724100709022850424e+02
1.734095514977698258e+02
1.754090320932547229e+02
1.764085126887395063e+02
1.774079932842244034e+02
1.774074738797093005e+02
1.784069544751940839e+02
1.784064350706789810e+02
1.784059156661638781e+02
1.784053962616486615e+02
1.784048768571335586e+02
1.784043574526183420e+02
1.794038380481032391e+02
1.794033186435881362e+02
1.804027992390729196e+02
1.804022798345578167e+02
1.804017604300426001e+02
1.804012410255274972e+02
1.804007216210123943e+02
1.814002022164971777e+02
1.813996828119820748e+02
1.813991634074669719e+02
1.813986440029517553e+02
1.813981245984366524e+02
1.823976051939214358e+02
1.823970857894063329e+02
1.823965663848912300e+02
1.833960469803760134e+02
1.833955275758609105e+02
1.823950081713456939e+02
1.823944887668305910e+02
1.823939693623154881e+02
1.813934499578002715e+02
1.813929305532851686e+02
1.803924111487700657e+02
1.803918917442548491e+02
1.803913723397397462e+02
1.793908529352245296e+02
1.793903335307094267e+02
1.783898141261943238e+02
1.783892947216791072e+02
1.783887753171640043e+02
1.773882559126487877e+02
1.773877365081336848e+02
1.763872171036185819e+02
1.753866976991033653e+02
1.753861782945882624e+02
1.743856588900731595e+02
1.733851394855579429e+02
1.723846200810428400e+02
1.713841006765276234e+02
1.683835812720125205e+02
1.643830618674974176e+02
1.613825424629822010e+02
1.583820230584670981e+02
1.573815036539518815e+02
1.553809842494367786e+02
1.543804648449216756e+02
1.543799454404064591e+02
1.533794260358913562e+02
1.533789066313762532e+02
1.533783872268610367e+02
1.533778678223459337e+02
1.533773484178307172e+02
1.533768290133156142e+02
1.533763096088005113e+02
1.533757902042852947e+02
1.533752707997701918e+02
1.533747513952549753e+02
1.533742319907398723e+02
1.533737125862247694e+02
1.533731931817095528e+02
1.533726737771944499e+02
1.533721543726793470e+02
1.533716349681641304e+02
1.533711155636490275e+02
1.533705961591338109e+02
1.533700767546187080e+02
1.533695573501036051e+02
1.533690379455883885e+02
1.533685185410732856e+02
1.533679991365581827e+02
1.533674797320429661e+02
1.533669603275278632e+02
1.533664409230126466e+02
1.533659215184975437e+02
1.533654021139824408e+02
1.533648827094672242e+02
1.533643633049521213e+02
1.533638439004369047e+02
1.533633244959218018e+02
1.533628050914066989e+02
1.533622856868914823e+02
1.533617662823763794e+02
1.543612468778612765e+02
1.553607274733460599e+02
1.553602080688309570e+02
1.563596886643157404e+02
1.573591692598006375e+02
1.593586498552855346e+02
1.603581304507703180e+02
1.613576110462552151e+02
1.623570916417399985e+02
1.633565722372248956e+02
1.643560528327097927e+02
1.653555334281945761e+02
1.663550140236794732e+02
1.673544946191643703e+02
1.693539752146491537e+02
1.703534558101340508e+02
1.703529364056188342e+02
1.713524170011037313e+02
1.713518975965886284e+02
1.723513781920734118e+02
1.723508587875583089e+02
1.733503393830430923e+02
1.733498199785279894e+02
1.733493005740128865e+02
1.743487811694976699e+02
1.743482617649825670e+02
1.743477423604674641e+02
1.743472229559522475e+02
1.753467035514371446e+02
1.753461841469219280e+02
1.753456647424068251e+02
1.753451453378917222e+02
1.763446259333765056e+02
1.763441065288614027e+02
1.763435871243461861e+02
1.773430677198310832e+02
1.773425483153159803e+02
1.773420289108007637e+02
1.773415095062856608e+02
1.763409901017705579e+02
1.763404706972553413e+02
1.753399512927402384e+02
1.753394318882250218e+02
1.743389124837099189e+02
1.733383930791948160e+02
1.723378736746795994e+02
1.713373542701644965e+02
1.703368348656492799e+02
1.693363154611341770e+02
1.683357960566190741e+02
1.663352766521038575e+02
1.653347572475887546e+02
1.643342378430736517e+02
1.633337184385584351e+02
1.623331990340433322e+02
1.623326796295281156e+02
1.623321602250130127e+02
1.623316408204979098e+02
1.623311214159826932e+02
1.623306020114675903e+02
1.623300826069523737e+02
1.623295632024372708e+02
1.623290437979221679e+02
1.623285243934069513e+02
1.623280049888918484e+02
1.623274855843767455e+02
1.623269661798615289e+02
1.613264467753464260e+02
1.613259273708312094e+02
1.613254079663161065e+02
1.603248885618010036e+02
1.603243691572857870e+02
1.603238497527706841e+02
1.603233303482555812e+02
1.603228109437403646e+02
1.603222915392252617e+02
1.613217721347100451e+02
1.613212527301949422e+02
1.623207333256798393e+02
1.633202139211646227e+02
1.643196945166495198e+02
1.643191751121343032e+02
1.653186557076192003e+02
1.663181363031040974e+02
1.673176168985888808e+02
1.683170974940737779e+02
1.693165780895586749e+02
1.703160586850434584e+02
1.713155392805283554e+02
1.733150198760131389e+02
1.753145004714980359e+02
1.763139810669829330e+02
1.773134616624677165e+02
1.783129422579526135e+02
1.783124228534373970e+02
1.793119034489222940e+02
1.793113840444071911e+02
1.803108646398919745e+02
1.803103452353768716e+02
1.803098258308617687e+02
1.813093064263465521e+02
1.813087870218314492e+02
1.813082676173162326e+02
1.813077482128011297e+02
1.813072288082860268e+02
1.813067094037708102e+02
1.813061899992557073e+02
1.823056705947404907e+02
1.823051511902253878e+02
1.823046317857102849e+02
1.823041123811950683e+02
1.833035929766799654e+02
1.833030735721648625e+02
1.843025541676496459e+02
1.843020347631345430e+02
1.853015153586193264e+02
1.863009959541042235e+02
1.863004765495891206e+02
1.872999571450739040e+02
1.872994377405588011e+02
1.882989183360435845e+02
1.882983989315284816e+02
1.892978795270133787e+02
1.902973601224981621e+02
1.902968407179830592e+02
1.902963213134679563e+02
1.912958019089527397e+02
1.912952825044376368e+02
1.912947630999224202e+02
1.922942436954073173e+02
1.922937242908922144e+02
1.922932048863769978e+02
1.932926854818618949e+02
1.932921660773466783e+02
1.942916466728315754e+02
1.942911272683164725e+02
1.952906078638012559e+02
1.952900884592861530e+02
1.962895690547710501e+02
1.962890496502558335e+02
1.972885302457407306e+02
1.982880108412255140e+02
1.982874914367104111e+02
1.992869720321953082e+02
2.002864526276800916e+02
2.002859332231649887e+02
2.012854138186497721e+02
2.012848944141346692e+02
2.022843750096195663e+02
2.022838556051043497e+02
2.022833362005892468e+02
2.032828167960741439e+02
2.032822973915589273e+02
2.032817779870438244e+02
2.032812585825286078e+02
2.042807391780135049e+02
2.042802197734984020e+02
2.042797003689831854e+02
2.052791809644680825e+02
2.052786615599529796e+02
2.052781421554377630e+02
2.052776227509226601e+02
2.052771033464074435e+02
2.052765839418923406e+02
2.052760645373772377e+02
2.052755451328620211e+02
2.062750257283469182e+02
2.072745063238317016e+02
2.082739869193165987e+02
2.092734675148014958e+02
2.102729481102862792e+02
2.102724287057711763e+02
2.122719093012560734e+02
2.142713898967408568e+02
2.162708704922257539e+02
2.172703510877105373e+02
2.182698316831954344e+02
2.192693122786803315e+02
2.192687928741651149e+02
2.202682734696500120e+02
2.202677540651347954e+02
2.202672346606196925e+02
2.202667152561045896e+02
2.192661958515893730e+02
2.182656764470742701e+02
2.182651570425591672e+02
2.172646376380439506e+02
2.162641182335288477e+02
2.162635988290136311e+02
2.162630794244985282e+02
2.162625600199834253e+02
2.162620406154682087e+02
2.162615212109531058e+02
2.162610018064378892e+02
2.162604824019227863e+02
2.172599629974076834e+02
2.182594435928924668e+02
2.202589241883773639e+02
2.222584047838622610e+02
2.242578853793470444e+02
2.272573659748319415e+02
2.302568465703167249e+02
2.312563271658016220e+02
2.322558077612865191e+02
2.332552883567713025e+02
2.342547689522561996e+02
2.352542495477409830e+02
2.352537301432258801e+02
2.362532107387107772e+02
2.362526913341955606e+02
2.362521719296804577e+02
2.362516525251653547e+02
2.362511331206501382e+02
2.362506137161350352e+02
2.352500943116198187e+02
2.342495749071047157e+02
2.342490555025896128e+02
2.332485360980743963e+02
2.332480166935592933e+02
2.322474972890440768e+02
2.322469778845289738e+02
2.312464584800138709e+02
2.312459390754986543e+02
2.302454196709835514e+02
2.302449002664684485e+02
2.292443808619532319e+02
2.292438614574381290e+02
2.292433420529229124e+02
2.282428226484078095e+02
2.282423032438927066e+02
2.282417838393774900e+02
2.282412644348623871e+02
2.282407450303471705e+02
2.272402256258320676e+02
2.272397062213169647e+02
2.272391868168017481e+02
2.272386674122866452e+02
2.262381480077715423e+02
2.262376286032563257e+02
2.262371091987412228e+02
2.262365897942260062e+02
2.262360703897109033e+02
2.252355509851958004e+02
2.252350315806805838e+02
2.252345121761654809e+02
2.242339927716503780e+02
2.242334733671351614e+02
2.232329539626200585e+02
2.232324345581048419e+02
2.222319151535897390e+02
2.212313957490746361e+02
2.212308763445594195e+02
2.202303569400443166e+02
2.192298375355291000e+02
2.182293181310139971e+02
2.172287987264988942e+02
2.162282793219836776e+02
2.152277599174685747e+02
2.132272405129534718e+02
2.122267211084382552e+02
1.962262017039231523e+02
1.942256822994079357e+02
1.922251628948928328e+02
1.922246434903777299e+02
1.922241240858625133e+02
1.912236046813474104e+02
1.912230852768321938e+02
1.912225658723170909e+02
1.902220464678019880e+02
1.902215270632867714e+02
1.892210076587716685e+02
1.882204882542565656e+02
1.872199688497413490e+02
1.862194494452262461e+02
1.862189300407110295e+02
1.862184106361959266e+02
1.862178912316808237e+02
1.862173718271656071e+02
1.862168524226505042e+02
1.862163330181352876e+02
1.892158136136201847e+02
1.902152942091050818e+02
2.132147748045898652e+02
2.122142554000747623e+02
2.122137359955596594e+02
2.112132165910444428e+02
2.102126971865293399e+02
2.072121777820141233e+02
2.052116583774990204e+02
2.052111389729839175e+02
2.052106195684687009e+02
2.042101001639535980e+02
2.042095807594383814e+02
2.032090613549232785e+02
2.032085419504081756e+02
2.032080225458929590e+02
2.032075031413778561e+02
2.022069837368627532e+02
2.012064643323475366e+02
2.002059449278324337e+02
1.982054255233172171e+02
1.972049061188021142e+02
1.972043867142870113e+02
1.962038673097717947e+02
1.952033479052566918e+02
1.902028285007414752e+02
1.882023090962263723e+02
1.862017896917112694e+02
1.842012702871960528e+02
1.832007508826809499e+02
1.822002314781658470e+02
1.811997120736506304e+02
1.801991926691355275e+02
1.791986732646203109e+02
1.791981538601052080e+02
1.791976344555901051e+02
1.791971150510748885e+02
1.791965956465597856e+02
1.791960762420445690e+02
1.791955568375294661e+02
1.791950374330143632e+02
1.791945180284991466e+02
1.781939986239840437e+02
1.781934792194689408e+02
1.771929598149537242e+02
1.771924404104386213e+02
1.761919210059234047e+02
1.761914016014083018e+02
1.761908821968931989e+02
1.761903627923779823e+02
1.761898433878628794e+02
1.761893239833477764e+02
1.771888045788325599e+02
1.781882851743174569e+02
1.791877657698022404e+02
1.791872463652871375e+02
1.801867269607720345e+02
1.801862075562568180e+02
1.811856881517417150e+02
1.811851687472264985e+02
1.811846493427113955e+02
1.811841299381962926e+02
1.811836105336810760e+02
1.811830911291659731e+02
1.811825717246508702e+02
1.811820523201356536e+02
1.811815329156205507e+02
1.811810135111053341e+02
1.811804941065902312e+02
1.801799747020751283e+02
1.801794552975599117e+02
1.801789358930448088e+02
1.801784164885295922e+02
1.801778970840144893e+02
1.801773776794993864e+02
1.801768582749841698e+02
1.801763388704690669e+02
1.801758194659539640e+02
1.801753000614387474e+02
1.801747806569236445e+02
1.801742612524084279e+02
1.791737418478933250e+02
1.791732224433782221e+02
1.791727030388630055e+02
1.791721836343479026e+02
1.791716642298326860e+02
1.791711448253175831e+02
1.791706254208024802e+02
1.791701060162872636e+02
1.791695866117721607e+02
1.791690672072570578e+02
1.791685478027418412e+02
1.791680283982267383e+02
1.801675089937115217e+02
1.801669895891964188e+02
1.801664701846813159e+02
1.801659507801660993e+02
1.811654313756509964e+02
1.811649119711357798e+02
1.811643925666206769e+02
1.821638731621055740e+02
1.821633537575903574e+02
1.821628343530752545e+02
1.831623149485601516e+02
1.841617955440449350e+02
1.851612761395298321e+02
1.871607567350146155e+02
1.881602373304995126e+02
1.891597179259844097e+02
1.901591985214691931e+02
1.901586791169540902e+02
1.911581597124388736e+02
1.911576403079237707e+02
1.921571209034086678e+02
1.931566014988934512e+02
1.931560820943783483e+02
1.941555626898632454e+02
1.941550432853480288e+02
1.951545238808329259e+02
1.951540044763177093e+02
1.961534850718026064e+02
1.961529656672875035e+02
1.961524462627722869e+02
1.971519268582571840e+02
1.971514074537419674e+02
2.021508880492268645e+02
2.031503686447117616e+02
2.041498492401965450e+02
2.051493298356814421e+02
2.061488104311663392e+02
2.061482910266511226e+02
2.061477716221360197e+02
2.051472522176208031e+02
2.051467328131057002e+02
2.051462134085905973e+02
2.051456940040753807e+02
2.051451745995602778e+02
2.051446551950450612e+02
2.051441357905299583e+02
2.051436163860148554e+02
2.051430969814996388e+02
2.051425775769845359e+02
2.051420581724694330e+02
2.051415387679542164e+02
2.061410193634391135e+02
2.071404999589238969e+02
2.071399805544087940e+02
2.081394611498936911e+02
2.091389417453784745e+02
2.091384223408633716e+02
2.101379029363482687e+02
2.111373835318330521e+02
2.121368641273179492e+02
2.121363447228027326e+02
2.131358253182876297e+02
2.141353059137725268e+02
2.151347865092573102e+02
2.161342671047422073e+02
2.161337477002269907e+02
2.161332282957118878e+02
2.161327088911967849e+02
2.161321894866815683e+02
2.161316700821664654e+02
2.151311506776513625e+02
2.151306312731361459e+02
2.151301118686210430e+02
2.151295924641058264e+02
2.151290730595907235e+02
2.151285536550756206e+02
2.161280342505604040e+02
2.161275148460453011e+02
2.161269954415300845e+02
2.161264760370149816e+02
2.171259566324998787e+02
2.181254372279846621e+02
2.211249178234695592e+02
2.231243984189544562e+02
2.241238790144392397e+02
2.251233596099241367e+02
2.261228402054089202e+02
2.271223208008938172e+02
2.271218013963787143e+02
2.281212819918634978e+02
2.281207625873483948e+02
2.271202431828331783e+02
2.271197237783180753e+02
2.271192043738029724e+02
2.261186849692877558e+02
2.261181655647726529e+02
2.261176461602575500e+02
2.251171267557423334e+02
2.251166073512272305e+02
2.251160879467120139e+02
2.251155685421969110e+02
2.251150491376818081e+02
2.251145297331665915e+02
2.251140103286514886e+02
2.251134909241362720e+02
2.261129715196211691e+02
2.261124521151060662e+02
2.261119327105908496e+02
2.251114133060757467e+02
2.251108939015606438e+02
2.251103744970454272e+02
2.251098550925303243e+02
2.241093356880151077e+02
2.241088162835000048e+02
2.241082968789849019e+02
2.241077774744696853e+02
2.241072580699545824e+02
2.241067386654393658e+02
2.241062192609242629e+02
2.241056998564091600e+02
2.231051804518939434e+02
2.231046610473788405e+02
2.231041416428637376e+02
2.231036222383485210e+02
2.231031028338334181e+02
2.231025834293182015e+02
2.231020640248030986e+02
2.231015446202879957e+02
2.231010252157727791e+02
2.221005058112576762e+02
2.210999864067424596e+02
2.210994670022273567e+02
2.200989475977122538e+02
2.190984281931970372e+02
2.190979087886819343e+02
2.180973893841668314e+02
2.180968699796516148e+02
2.180963505751365119e+02
2.180958311706212953e+02
2.180953117661061924e+02
2.180947923615910895e+02
2.180942729570758729e+02
2.180937535525607700e+02
2.180932341480456671e+02
2.180927147435304505e+02
2.180921953390153476e+02
2.180916759345001310e+02
2.180911565299850281e+02
2.180906371254699252e+02
2.170901177209547086e+02
2.170895983164396057e+02
2.170890789119243891e+02
2.170885595074092862e+02
2.170880401028941833e+02
2.160875206983789667e+02
2.160870012938638638e+02
2.160864818893487609e+02
2.160859624848335443e+02
2.160854430803184414e+02
2.160849236758032248e+02
2.150844042712881219e+02
2.150838848667730190e+02
2.140833654622578024e+02
2.140828460577426995e+02
2.130823266532274829e+02
2.130818072487123800e+02
2.120812878441972771e+02
2.110807684396820605e+02
2.110802490351669576e+02
2.110797296306518547e+02
2.110792102261366381e+02
2.100786908216215352e+02
2.100781714171063186e+02
2.100776520125912157e+02
2.100771326080761128e+02
2.090766132035608962e+02
2.090760937990457933e+02
2.090755743945305767e+02
2.080750549900154738e+02
2.080745355855003709e+02
2.070740161809851543e+02
2.070734967764700514e+02
2.070729773719549485e+02
2.060724579674397319e+02
2.060719385629246290e+02
2.050714191584094124e+02
2.050708997538943095e+02
2.050703803493792066e+02
2.050698609448639900e+02
2.050693415403488871e+02
2.050688221358336705e+02
2.050683027313185676e+02
2.050677833268034647e+02
2.050672639222882481e+02
2.050667445177731452e+02
2.040662251132580423e+02
2.040657057087428257e+02
2.040651863042277228e+02
2.040646668997125062e+02
2.040641474951974033e+02
2.040636280906823004e+02
2.040631086861670838e+02
2.030625892816519809e+02
2.030620698771367643e+02
2.030615504726216614e+02
2.030610310681065585e+02
2.030605116635913419e+02
2.030599922590762390e+02
2.030594728545611360e+02
2.030589534500459195e+02
2.030584340455308165e+02
2.030579146410156000e+02
2.030573952365004970e+02
2.030568758319853941e+02
2.030563564274701776e+02
2.030558370229550746e+02
2.030553176184398581e+02
2.030547982139247551e+02
2.040542788094096522e+02
2.050537594048944356e+02
2.050532400003793327e+02
2.060527205958642298e+02
2.070522011913490132e+02
2.070516817868339103e+02
2.080511623823186937e+02
2.080506429778035908e+02
2.090501235732884879e+02
2.090496041687732713e+02
2.100490847642581684e+02
2.110485653597430655e+02
2.120480459552278489e+02
2.130475265507127460e+02
2.140470071461975294e+02
2.150464877416824265e+02
2.160459683371673236e+02
2.160454489326521070e+02
2.170449295281370041e+02
2.170444101236217875e+02
2.180438907191066846e+02
2.180433713145915817e+02
2.190428519100763651e+02
2.190423325055612622e+02
2.200418131010461593e+02
2.200412936965309427e+02
2.210407742920158398e+02
2.210402548875006232e+02
2.210397354829855203e+02
2.210392160784704174e+02
2.220386966739552008e+02
2.220381772694400979e+02
2.230376578649248813e+02
2.240371384604097784e+02
2.250366190558946755e+02
2.260360996513794589e+02
2.260355802468643560e+02
2.270350608423492531e+02
2.270345414378340365e+02
2.280340220333189336e+02
2.280335026288037170e+02
2.280329832242886141e+02
2.280324638197735112e+02
2.280319444152582946e+02
2.270314250107431917e+02
2.270309056062279751e+02
2.260303862017128722e+02
2.250298667971977693e+02
2.240293473926825527e+02
2.220288279881674498e+02
2.220283085836523469e+02
2.220277891791371303e+02
2.220272697746220274e+02
2.220267503701068108e+02
2.220262309655917079e+02
2.220257115610766050e+02
2.230251921565613884e+02
2.230246727520462855e+02
2.240241533475310689e+02
2.240236339430159660e+02
2.240231145385008631e+02
2.240225951339856465e+02
2.250220757294705436e+02
2.250215563249554407e+02
2.250210369204402241e+02
2.260205175159251212e+02
2.260199981114099046e+02
2.260194787068948017e+02
2.270189593023796988e+02
2.270184398978644822e+02
2.270179204933493793e+02
2.280174010888341627e+02
2.280168816843190598e+02
2.280163622798039569e+02
2.290158428752887403e+02
2.290153234707736374e+02
2.300148040662585345e+02
2.290142846617433179e+02
2.290137652572282150e+02
2.280132458527129984e+02
2.280127264481978955e+02
2.270122070436827926e+02
2.260116876391675760e+02
2.250111682346524731e+02
2.240106488301372565e+02
2.240101294256221536e+02
2.240096100211070507e+02
2.240090906165918341e+02
2.240085712120767312e+02
2.240080518075616283e+02
2.240075324030464117e+02
2.250070129985313088e+02
2.250064935940160922e+02
2.250059741895009893e+02
2.250054547849858864e+02
2.260049353804706698e+02
2.260044159759555669e+02
2.260038965714404640e+02
2.270033771669252474e+02
2.270028577624101445e+02
2.280023383578949279e+02
2.280018189533798250e+02
2.290012995488647221e+02
2.290007801443495055e+02
2.290002607398344026e+02
2.289997413353191860e+02
2.289992219308040831e+02
2.289987025262889802e+02
2.289981831217737636e+02
2.289976637172586607e+02
2.279971443127435577e+02
2.279966249082283412e+02
2.279961055037132382e+02
2.269955860991980217e+02
2.259950666946829188e+02
2.259945472901678158e+02
2.249940278856525993e+02
2.239935084811374963e+02
2.229929890766222798e+02
2.219924696721071768e+02
2.219919502675920739e+02
2.209914308630768573e+02
2.209909114585617544e+02
2.209903920540466515e+02
2.209898726495314349e+02
2.209893532450163320e+02
2.209888338405011154e+02
2.209883144359860125e+02
2.209877950314709096e+02
2.219872756269556930e+02
2.219867562224405901e+02
2.229862368179253735e+02
2.229857174134102706e+02
2.239851980088951677e+02
2.239846786043799511e+02
2.239841591998648482e+02
2.249836397953497453e+02
2.249831203908345287e+02
2.249826009863194258e+02
2.249820815818042092e+02
2.249815621772891063e+02
2.249810427727740034e+02
2.249805233682587868e+02
2.249800039637436839e+02
2.239794845592284673e+02
2.239789651547133644e+02
2.229784457501982615e+02
2.229779263456830449e+02
2.229774069411679420e+02
2.229768875366528391e+02
2.219763681321376225e+02
2.219758487276225196e+02
2.219753293231073030e+02
2.219748099185922001e+02
2.219742905140770972e+02
2.219737711095618806e+02
2.219732517050467777e+02
2.219727323005315611e+02
2.229722128960164582e+02
2.229716934915013553e+02
2.229711740869861387e+02
2.239706546824710358e+02
2.239701352779559329e+02
2.239696158734407163e+02
2.249690964689256134e+02
2.249685770644103968e+02
2.249680576598952939e+02
2.249675382553801910e+02
2.249670188508649744e+02
2.249664994463498715e+02
2.249659800418346549e+02
2.249654606373195520e+02
2.249649412328044491e+02
2.249644218282892325e+02
2.249639024237741296e+02
2.249633830192590267e+02
2.259628636147438101e+02
2.259623442102287072e+02
2.259618248057134906e+02
2.269613054011983877e+02
2.269607859966832848e+02
2.279602665921680682e+02
2.279597471876529653e+02
2.289592277831378624e+02
2.289587083786226458e+02
2.299581889741075429e+02
2.309576695695923263e+02
2.329571501650772234e+02
2.339566307605621205e+02
2.359561113560469039e+02
2.369555919515318010e+02
2.389550725470165844e+02
2.399545531425014815e+02
2.409540337379863786e+02
2.419535143334711620e+02
2.429529949289560591e+02
2.429524755244409562e+02
2.439519561199257396e+02
2.439514367154106367e+02
2.449509173108954201e+02
2.449503979063803172e+02
2.459498785018652143e+02
2.479493590973499977e+02
2.499488396928348948e+02
2.509483202883196782e+02
2.529478008838045753e+02
2.539472814792894724e+02
2.549467620747742558e+02
2.549462426702591529e+02
2.559457232657440500e+02
2.569452038612288334e+02
2.569446844567137305e+02
2.579441650521985139e+02
2.579436456476834110e+02
2.589431262431683081e+02
2.599426068386530915e+02
2.609420874341379886e+02
2.639415680296227720e+02
2.659410486251076691e+02
2.679405292205925662e+02
2.699400098160773496e+02
2.719394904115622467e+02
2.729389710070471438e+02
2.739384516025319272e+02
2.749379321980168243e+02
2.759374127935016077e+02
2.769368933889865048e+02
2.779363739844714019e+02
2.789358545799561853e+02
2.799353351754410824e+02
2.809348157709258658e+02
2.819342963664107629e+02
2.839337769618956600e+02
2.849332575573804434e+02
2.869327381528653405e+02
2.899322187483502375e+02
2.919316993438350210e+02
2.929311799393199180e+02
2.949306605348047015e+02
2.959301411302895986e+02
2.959296217257744956e+02
2.969291023212592791e+02
2.969285829167441761e+02
2.979280635122289596e+02
2.979275441077138566e+02
2.979270247031987537e+02
2.979265052986835371e+02
2.979259858941684342e+02
2.979254664896533313e+02
2.979249470851381147e+02
2.979244276806230118e+02
2.979239082761077952e+02
2.979233888715926923e+02
2.979228694670775894e+02
2.979223500625623728e+02
2.979218306580472699e+02
2.989213112535320533e+02
2.989207918490169504e+02
2.989202724445018475e+02
1.805426916585853405e+02
