5.832805429864276903e+01
5.734452588869805822e+01
5.636099747875334742e+01
5.537746906880852293e+01
5.539394065886381213e+01
5.441041224891910133e+01
5.442688383897439053e+01
5.344335542902967973e+01
5.345982701908485524e+01
5.247629860914014444e+01
5.249277019919543363e+01
5.150924178925072283e+01
5.152571337930601203e+01
5.054218496936118754e+01
4.955865655941647674e+01
4.957512814947176594e+01
4.959159973952705514e+01
4.960807132958234433e+01
6.462454291963751984e+01
6.564101450969280904e+01
6.665748609974809824e+01
6.667395768980338744e+01
6.669042927985867664e+01
6.670690086991396583e+01
6.672337245996914135e+01
6.673984405002443054e+01
6.575631564007971974e+01
6.477278723013500894e+01
5.978925882019029814e+01
5.780573041024547365e+01
5.582220200030076285e+01
5.483867359035605205e+01
5.385514518041134124e+01
5.187161677046663044e+01
4.888808836052180595e+01
4.590455995057709515e+01
4.492103154063238435e+01
4.393750313068767355e+01
4.395397472074296275e+01
4.397044631079813826e+01
4.398691790085342745e+01
4.400338949090871665e+01
4.401986108096400585e+01
4.503633267101929505e+01
4.505280426107447056e+01
4.606927585112975976e+01
4.708574744118504896e+01
4.810221903124033815e+01
4.811869062129562735e+01
4.913516221135080286e+01
5.015163380140609206e+01
5.116810539146138126e+01
5.218457698151667046e+01
5.420104857157195966e+01
5.521752016162713517e+01
5.623399175168242436e+01
5.625046334173771356e+01
5.726693493179300276e+01
5.728340652184829196e+01
5.729987811190346747e+01
5.731634970195875667e+01
5.733282129201404587e+01
5.834929288206933506e+01
5.836576447212462426e+01
5.838223606217979977e+01
5.839870765223508897e+01
5.841517924229037817e+01
5.843165083234566737e+01
5.944812242240095657e+01
5.946459401245624576e+01
5.948106560251142128e+01
5.949753719256671047e+01
5.951400878262199967e+01
5.953048037267728887e+01
5.954695196273257807e+01
5.956342355278775358e+01
5.957989514284304278e+01
6.059636673289833197e+01
6.061283832295362117e+01
6.062930991300891037e+01
6.064578150306408588e+01
6.166225309311937508e+01
6.167872468317466428e+01
6.269519627322995348e+01
6.271166786328524267e+01
6.272813945334041819e+01
6.274461104339570738e+01
6.276108263345099658e+01
6.177755422350628578e+01
6.079402581356157498e+01
6.081049740361675049e+01
5.982696899367203969e+01
5.984344058372732889e+01
5.885991217378261808e+01
5.887638376383790728e+01
5.889285535389308279e+01
5.990932694394837199e+01
5.992579853400366119e+01
5.994227012405895039e+01
6.095874171411423958e+01
6.197521330416941510e+01
6.199168489422470429e+01
6.300815648427999349e+01
6.302462807433528269e+01
6.304109966439057189e+01
6.405757125444574740e+01
6.407404284450103660e+01
6.509051443455632580e+01
6.510698602461161499e+01
6.612345761466690419e+01
6.613992920472219339e+01
6.615640079477736890e+01
6.617287238483265810e+01
6.518934397488794730e+01
6.520581556494323650e+01
6.522228715499852569e+01
6.423875874505370120e+01
6.425523033510899040e+01
6.427170192516427960e+01
6.428817351521956880e+01
6.330464510527485800e+01
6.332111669533003351e+01
6.333758828538532271e+01
6.235405987544061190e+01
6.237053146549590110e+01
6.238700305555119030e+01
6.240347464560636581e+01
6.241994623566165501e+01
6.143641782571694421e+01
6.145288941577223341e+01
6.146936100582752260e+01
6.148583259588269812e+01
6.050230418593798731e+01
6.051877577599327651e+01
6.053524736604856571e+01
5.955171895610385491e+01
5.956819054615903042e+01
5.958466213621431962e+01
5.960113372626960881e+01
5.961760531632489801e+01
5.963407690638018721e+01
5.965054849643536272e+01
5.966702008649065192e+01
5.968349167654594112e+01
5.969996326660123032e+01
5.971643485665651951e+01
5.973290644671169503e+01
5.974937803676698422e+01
5.976584962682227342e+01
5.978232121687756262e+01
5.979879280693285182e+01
6.081526439698802733e+01
6.083173598704331653e+01
6.184820757709860573e+01
6.286467916715389492e+01
6.388115075720918412e+01
6.489762234726447332e+01
6.491409393731964883e+01
6.593056552737493803e+01
6.594703711743022723e+01
6.696350870748551642e+01
6.697998029754080562e+01
6.699645188759598113e+01
6.601292347765127033e+01
6.502939506770655953e+01
6.504586665776184873e+01
6.406233824781713793e+01
6.407880983787231344e+01
6.409528142792760264e+01
6.311175301798289183e+01
6.312822460803818103e+01
6.314469619809347023e+01
6.216116778814864574e+01
6.117763937820393494e+01
6.019411096825922414e+01
5.921058255831451334e+01
5.822705414836980253e+01
5.724352573842497804e+01
5.625999732848026724e+01
5.527646891853555644e+01
5.329294050859084564e+01
5.230941209864613484e+01
5.232588368870131035e+01
5.134235527875659955e+01
5.135882686881188874e+01
5.137529845886717794e+01
5.139177004892246714e+01
5.240824163897764265e+01
5.242471322903293185e+01
5.344118481908822105e+01
5.345765640914351025e+01
5.447412799919879944e+01
5.449059958925397495e+01
5.550707117930926415e+01
5.552354276936455335e+01
5.654001435941984255e+01
5.755648594947513175e+01
5.857295753953042095e+01
5.858942912958559646e+01
5.860590071964088565e+01
5.962237230969617485e+01
5.863884389975146405e+01
5.865531548980675325e+01
5.867178707986192876e+01
5.868825866991721796e+01
5.870473025997250716e+01
5.972120185002779635e+01
5.973767344008308555e+01
5.975414503013826106e+01
6.077061662019355026e+01
6.078708821024883946e+01
5.980355980030412866e+01
5.982003139035941786e+01
5.983650298041459337e+01
5.985297457046988256e+01
5.986944616052517176e+01
5.988591775058046096e+01
5.990238934063575016e+01
5.991886093069092567e+01
5.893533252074621487e+01
5.895180411080150407e+01
5.796827570085679326e+01
5.798474729091208246e+01
5.700121888096725797e+01
5.701769047102254717e+01
5.703416206107783637e+01
5.705063365113312557e+01
5.706710524118841477e+01
5.608357683124359028e+01
5.610004842129887948e+01
5.611652001135416867e+01
5.613299160140945787e+01
5.614946319146474707e+01
5.616593478151992258e+01
5.718240637157521178e+01
5.719887796163050098e+01
5.821534955168579017e+01
5.823182114174107937e+01
5.824829273179625488e+01
5.926476432185154408e+01
5.828123591190683328e+01
5.729770750196212248e+01
5.631417909201741168e+01
5.433065068207270087e+01
5.334712227212787639e+01
5.136359386218316558e+01
5.138006545223845478e+01
5.139653704229374398e+01
5.141300863234903318e+01
5.142948022240420869e+01
5.144595181245949789e+01
5.146242340251478709e+01
5.147889499257007628e+01
5.249536658262536548e+01
5.251183817268054099e+01
5.252830976273583019e+01
5.254478135279111939e+01
5.256125294284640859e+01
5.257772453290169778e+01
5.259419612295687330e+01
5.261066771301216249e+01
5.262713930306745169e+01
5.264361089312274089e+01
5.266008248317803009e+01
5.267655407323320560e+01
5.269302566328849480e+01
5.170949725334378400e+01
5.172596884339907319e+01
5.174244043345436239e+01
5.175891202350953790e+01
5.177538361356482710e+01
5.179185520362011630e+01
5.180832679367540550e+01
5.182479838373069470e+01
5.184126997378587021e+01
5.185774156384115940e+01
5.187421315389644860e+01
5.189068474395173780e+01
5.190715633400702700e+01
5.092362792406220251e+01
5.094009951411749171e+01
4.995657110417278091e+01
4.997304269422807010e+01
4.898951428428335930e+01
4.800598587433864850e+01
4.702245746439382401e+01
4.603892905444911321e+01
4.505540064450440241e+01
4.407187223455969161e+01
4.308834382461498080e+01
4.310481541467015631e+01
4.312128700472544551e+01
4.313775859478073471e+01
4.315423018483602391e+01
4.317070177489131311e+01
4.318717336494648862e+01
4.220364495500177782e+01
4.222011654505706701e+01
4.223658813511235621e+01
4.225305972516764541e+01
4.226953131522282092e+01
4.228600290527811012e+01
4.230247449533339932e+01
4.231894608538868852e+01
4.233541767544397771e+01
4.235188926549915323e+01
4.236836085555444242e+01
4.138483244560973162e+01
4.140130403566502082e+01
4.141777562572031002e+01
4.043424721577548553e+01
4.045071880583077473e+01
4.046719039588606392e+01
4.048366198594135312e+01
4.050013357599664232e+01
4.051660516605181783e+01
4.153307675610710703e+01
4.254954834616239623e+01
4.256601993621768543e+01
4.358249152627297462e+01
4.459896311632815014e+01
4.461543470638343933e+01
4.563190629643872853e+01
4.564837788649401773e+01
4.666484947654930693e+01
4.668132106660448244e+01
4.769779265665977164e+01
4.771426424671506084e+01
4.773073583677035003e+01
4.774720742682563923e+01
4.776367901688092843e+01
4.778015060693610394e+01
4.779662219699139314e+01
4.781309378704668234e+01
4.782956537710197154e+01
4.684603696715726073e+01
4.686250855721243624e+01
4.687898014726772544e+01
4.689545173732301464e+01
4.691192332737830384e+01
4.692839491743359304e+01
4.794486650748876855e+01
4.796133809754405775e+01
4.797780968759934694e+01
4.799428127765463614e+01
4.801075286770992534e+01
4.902722445776510085e+01
4.904369604782039005e+01
4.906016763787567925e+01
5.007663922793096845e+01
5.009311081798625764e+01
5.110958240804143315e+01
5.112605399809672235e+01
5.114252558815201155e+01
5.115899717820730075e+01
5.017546876826258995e+01
5.019194035831776546e+01
4.920841194837305466e+01
4.822488353842834385e+01
4.724135512848363305e+01
4.525782671853892225e+01
4.427429830859409776e+01
4.329076989864938696e+01
4.230724148870467616e+01
4.132371307875996536e+01
4.034018466881525455e+01
3.935665625887043007e+01
3.837312784892571926e+01
3.838959943898100846e+01
3.840607102903629766e+01
3.842254261909158686e+01
3.843901420914687606e+01
4.045548579920205157e+01
4.347195738925734076e+01
4.548842897931262996e+01
4.650490056936791916e+01
4.852137215942320836e+01
4.953784374947838387e+01
5.055431533953367307e+01
5.157078692958896227e+01
5.258725851964425146e+01
5.360373010969954066e+01
5.462020169975471617e+01
5.563667328981000537e+01
5.665314487986529457e+01
5.766961646992058377e+01
5.868608805997587297e+01
5.970255965003104848e+01
6.171903124008633768e+01
6.273550283014162687e+01
6.375197442019691607e+01
6.476844601025220527e+01
6.578491760030738078e+01
6.680138919036266998e+01
6.781786078041795918e+01
6.883433237047324837e+01
6.985080396052853757e+01
6.986727555058371308e+01
7.088374714063900228e+01
7.190021873069429148e+01
7.291669032074958068e+01
7.393316191080486988e+01
7.394963350086004539e+01
7.496610509091533459e+01
7.598257668097062378e+01
7.599904827102591298e+01
7.601551986108120218e+01
7.703199145113637769e+01
7.704846304119166689e+01
7.706493463124695609e+01
7.808140622130224529e+01
7.809787781135753448e+01
7.911434940141270999e+01
7.913082099146799919e+01
8.014729258152328839e+01
8.016376417157857759e+01
8.118023576163386679e+01
8.119670735168915598e+01
8.121317894174433150e+01
8.122965053179962069e+01
8.124612212185490989e+01
8.126259371191019909e+01
8.027906530196548829e+01
8.029553689202066380e+01
7.931200848207595300e+01
7.832848007213124220e+01
7.734495166218653139e+01
7.736142325224182059e+01
7.737789484229699610e+01
7.739436643235228530e+01
7.641083802240757450e+01
7.642730961246286370e+01
7.644378120251815290e+01
7.646025279257332841e+01
7.647672438262861760e+01
7.649319597268390680e+01
7.650966756273919600e+01
7.652613915279448520e+01
7.554261074284966071e+01
7.455908233290494991e+01
7.457555392296023911e+01
7.359202551301552830e+01
7.260849710307081750e+01
7.162496869312599301e+01
7.164144028318128221e+01
7.065791187323657141e+01
7.067438346329186061e+01
7.069085505334714981e+01
7.070732664340232532e+01
7.072379823345761451e+01
7.074026982351290371e+01
7.275674141356819291e+01
7.377321300362348211e+01
7.478968459367865762e+01
7.480615618373394682e+01
7.582262777378923602e+01
7.683909936384452521e+01
7.685557095389981441e+01
7.787204254395510361e+01
7.788851413401027912e+01
7.790498572406556832e+01
7.692145731412085752e+01
7.693792890417614672e+01
7.695440049423143591e+01
7.697087208428661143e+01
7.698734367434190062e+01
7.700381526439718982e+01
7.702028685445247902e+01
7.703675844450776822e+01
7.805323003456294373e+01
7.806970162461823293e+01
7.808617321467352212e+01
7.810264480472881132e+01
7.811911639478410052e+01
7.813558798483927603e+01
7.715205957489456523e+01
7.716853116494985443e+01
7.618500275500514363e+01
7.520147434506043282e+01
7.421794593511560834e+01
7.323441752517089753e+01
7.225088911522618673e+01
7.126736070528147593e+01
7.028383229533676513e+01
6.930030388539194064e+01
6.831677547544722984e+01
6.733324706550251904e+01
6.734971865555780823e+01
6.636619024561309743e+01
6.638266183566827294e+01
6.639913342572356214e+01
6.541560501577885134e+01
6.543207660583414054e+01
6.544854819588942973e+01
6.446501978594460525e+01
6.448149137599989444e+01
6.449796296605518364e+01
6.351443455611047284e+01
6.353090614616576204e+01
6.354737773622105124e+01
6.356384932627622675e+01
6.258032091633151595e+01
6.259679250638680514e+01
6.161326409644209434e+01
6.162973568649738354e+01
6.064620727655255905e+01
6.066267886660784825e+01
6.067915045666313745e+01
6.069562204671842665e+01
6.071209363677371584e+01
6.172856522682889135e+01
6.174503681688418055e+01
6.176150840693946975e+01
6.177797999699475895e+01
6.279445158705004815e+01
6.281092317710522366e+01
6.282739476716051286e+01
6.284386635721580205e+01
6.286033794727109125e+01
6.287680953732638045e+01
6.289328112738155596e+01
6.290975271743684516e+01
6.292622430749213436e+01
6.394269589754742356e+01
6.395916748760271275e+01
6.397563907765788827e+01
6.399211066771317746e+01
6.400858225776846666e+01
6.402505384782375586e+01
6.304152543787904506e+01
6.305799702793422057e+01
6.207446861798950977e+01
6.109094020804479896e+01
6.010741179810008816e+01
5.912388338815537736e+01
5.814035497821055287e+01
5.715682656826584207e+01
5.617329815832113127e+01
5.618976974837642047e+01
5.620624133843170966e+01
5.622271292848688518e+01
5.623918451854217437e+01
5.725565610859746357e+01
5.727212769865275277e+01
5.728859928870804197e+01
5.730507087876321748e+01
5.732154246881850668e+01
5.733801405887379588e+01
5.735448564892908507e+01
5.837095723898437427e+01
5.838742882903966347e+01
5.940390041909483898e+01
6.142037200915012818e+01
6.243684359920541738e+01
6.345331518926070657e+01
6.446978677931599577e+01
6.448625836937117128e+01
6.550272995942646048e+01
6.551920154948174968e+01
6.453567313953703888e+01
6.455214472959232808e+01
6.456861631964750359e+01
6.458508790970279279e+01
6.460155949975808198e+01
6.461803108981337118e+01
6.463450267986866038e+01
6.465097426992383589e+01
6.366744585997912509e+01
6.368391745003441429e+01
6.370038904008970349e+01
6.271686063014499268e+01
6.273333222020016819e+01
6.274980381025545739e+01
6.176627540031074659e+01
6.178274699036603579e+01
6.079921858042132499e+01
6.081569017047650050e+01
6.083216176053178970e+01
6.084863335058707889e+01
6.086510494064236809e+01
6.088157653069765729e+01
6.089804812075283280e+01
6.091451971080812200e+01
6.093099130086341120e+01
6.094746289091870040e+01
6.096393448097398959e+01
5.998040607102916510e+01
5.999687766108445430e+01
5.901334925113974350e+01
5.902982084119503270e+01
5.804629243125032190e+01
5.706276402130561110e+01
5.607923561136078661e+01
5.609570720141607580e+01
5.511217879147136500e+01
5.512865038152665420e+01
5.514512197158194340e+01
5.516159356163711891e+01
5.517806515169240811e+01
5.519453674174769731e+01
5.521100833180298650e+01
5.522747992185827570e+01
5.624395151191345121e+01
5.626042310196874041e+01
5.627689469202402961e+01
5.729336628207931881e+01
5.730983787213460801e+01
5.732630946218978352e+01
5.634278105224507271e+01
5.635925264230036191e+01
5.637572423235565111e+01
5.639219582241094031e+01
5.540866741246611582e+01
5.542513900252140502e+01
5.544161059257669422e+01
5.545808218263198341e+01
5.447455377268727261e+01
5.449102536274244812e+01
5.450749695279773732e+01
5.452396854285302652e+01
5.454044013290831572e+01
5.355691172296360492e+01
5.357338331301878043e+01
5.358985490307406963e+01
5.360632649312935882e+01
5.262279808318464802e+01
5.263926967323993722e+01
5.265574126329511273e+01
5.267221285335040193e+01
5.268868444340569113e+01
5.270515603346098032e+01
5.372162762351626952e+01
5.373809921357155872e+01
5.475457080362673423e+01
5.477104239368202343e+01
5.378751398373731263e+01
5.380398557379260183e+01
5.382045716384789102e+01
5.383692875390306654e+01
5.385340034395835573e+01
5.386987193401364493e+01
5.388634352406893413e+01
5.390281511412422333e+01
5.391928670417939884e+01
5.393575829423468804e+01
5.395222988428997724e+01
5.496870147434526643e+01
5.498517306440055563e+01
5.500164465445573114e+01
5.601811624451102034e+01
5.603458783456630954e+01
5.705105942462159874e+01
5.706753101467688793e+01
5.808400260473206345e+01
5.810047419478735264e+01
5.911694578484264184e+01
5.913341737489793104e+01
6.014988896495322024e+01
6.016636055500839575e+01
6.218283214506368495e+01
6.819930373511897415e+01
7.021577532517426334e+01
7.223224691522955254e+01
7.424871850528472805e+01
7.526519009534001725e+01
7.628166168539530645e+01
7.729813327545059565e+01
7.931460486550588485e+01
8.033107645556106036e+01
8.134754804561634955e+01
8.136401963567163875e+01
8.238049122572692795e+01
8.239696281578221715e+01
8.341343440583750635e+01
8.342990599589268186e+01
8.344637758594797106e+01
8.246284917600326025e+01
8.247932076605854945e+01
8.249579235611383865e+01
8.251226394616901416e+01
8.152873553622430336e+01
8.154520712627959256e+01
8.056167871633488176e+01
8.057815030639017095e+01
7.959462189644534647e+01
7.861109348650063566e+01
7.862756507655592486e+01
7.764403666661121406e+01
7.666050825666650326e+01
7.667697984672167877e+01
7.569345143677696797e+01
7.570992302683225716e+01
7.472639461688754636e+01
7.374286620694283556e+01
7.375933779699801107e+01
7.377580938705330027e+01
7.279228097710858947e+01
7.280875256716387867e+01
7.282522415721916786e+01
7.284169574727434338e+01
7.385816733732963257e+01
7.387463892738492177e+01
7.389111051744021097e+01
7.390758210749550017e+01
7.392405369755067568e+01
7.294052528760596488e+01
7.295699687766125408e+01
7.197346846771654327e+01
7.098994005777183247e+01
6.900641164782700798e+01
6.302288323788229718e+01
6.103935482793758638e+01
6.005582641799287558e+01
6.007229800804816477e+01
6.008876959810334029e+01
6.010524118815862948e+01
6.012171277821391868e+01
6.013818436826920788e+01
6.115465595832449708e+01
6.217112754837967259e+01
6.418759913843496179e+01
6.620407072849025099e+01
6.722054231854554018e+01
6.823701390860082938e+01
6.925348549865611858e+01
7.026995708871129409e+01
7.028642867876658329e+01
7.130290026882187249e+01
7.231937185887716169e+01
7.333584344893245088e+01
7.535231503898762639e+01
7.636878662904291559e+01
7.738525821909820479e+01
7.840172980915349399e+01
7.941820139920878319e+01
7.943467298926395870e+01
8.045114457931924790e+01
7.946761616937453709e+01
7.948408775942982629e+01
7.850055934948511549e+01
7.751703093954029100e+01
7.653350252959558020e+01
7.554997411965086940e+01
7.556644570970615860e+01
7.458291729976144779e+01
7.359938888981662330e+01
7.361586047987191250e+01
7.363233206992720170e+01
7.364880365998249090e+01
7.366527525003778010e+01
7.368174684009295561e+01
7.469821843014824481e+01
7.471469002020353400e+01
7.473116161025882320e+01
7.574763320031411240e+01
7.576410479036928791e+01
7.678057638042457711e+01
7.079704797047986631e+01
6.881351956053515551e+01
6.082999115059044470e+01
5.784646274064562022e+01
5.486293433070090941e+01
5.387940592075619861e+01
5.189587751081148781e+01
5.091234910086677701e+01
4.992882069092206621e+01
4.894529228097724172e+01
4.796176387103253091e+01
4.697823546108782011e+01
4.599470705114310931e+01
4.601117864119839851e+01
4.502765023125357402e+01
4.404412182130886322e+01
4.406059341136415242e+01
4.307706500141944161e+01
4.209353659147473081e+01
4.211000818152990632e+01
6.212647977158519552e+01
6.214295136164048472e+01
6.215942295169577392e+01
6.217589454175106312e+01
6.219236613180623863e+01
6.320883772186152783e+01
6.322530931191681702e+01
6.324178090197210622e+01
6.425825249202739542e+01
6.527472408208257093e+01
4.529119567213786013e+01
4.630766726219314933e+01
4.632413885224843852e+01
4.734061044230372772e+01
4.735708203235890323e+01
4.737355362241419243e+01
4.739002521246948163e+01
4.740649680252477083e+01
4.742296839258006003e+01
4.743943998263523554e+01
4.745591157269052474e+01
4.747238316274581393e+01
4.748885475280110313e+01
4.750532634285639233e+01
4.752179793291156784e+01
4.753826952296685704e+01
4.755474111302214624e+01
4.757121270307743544e+01
4.858768429313272463e+01
4.860415588318801383e+01
4.962062747324318934e+01
4.963709906329847854e+01
5.065357065335376774e+01
5.067004224340905694e+01
5.068651383346434613e+01
4.970298542351952165e+01
4.971945701357481084e+01
4.873592860363010004e+01
4.775240019368538924e+01
4.676887178374067844e+01
4.578534337379585395e+01
4.480181496385114315e+01
4.381828655390643235e+01
4.283475814396172154e+01
4.285122973401701074e+01
4.286770132407218625e+01
4.188417291412747545e+01
4.190064450418276465e+01
4.091711609423805385e+01
4.093358768429334305e+01
3.995005927434851856e+01
3.896653086440380775e+01
3.898300245445909695e+01
3.799947404451438615e+01
3.801594563456967535e+01
3.803241722462485086e+01
3.804888881468014006e+01
3.806536040473542926e+01
3.808183199479071845e+01
3.809830358484600765e+01
3.811477517490118316e+01
3.913124676495647236e+01
3.914771835501176156e+01
3.916418994506705076e+01
4.018066153512233996e+01
4.019713312517751547e+01
4.021360471523280466e+01
4.023007630528809386e+01
4.124654789534338306e+01
4.126301948539867226e+01
4.127949107545396146e+01
4.229596266550913697e+01
4.331243425556442617e+01
4.432890584561971536e+01
4.534537743567500456e+01
4.636184902573029376e+01
4.837832061578546927e+01
4.939479220584075847e+01
4.941126379589604767e+01
5.042773538595133687e+01
5.044420697600662606e+01
5.146067856606180158e+01
5.147715015611709077e+01
5.249362174617237997e+01
5.251009333622766917e+01
5.152656492628295837e+01
5.154303651633813388e+01
5.155950810639342308e+01
5.157597969644871228e+01
5.159245128650400147e+01
5.260892287655929067e+01
5.262539446661446618e+01
5.264186605666975538e+01
5.265833764672504458e+01
5.267480923678033378e+01
5.269128082683562297e+01
5.270775241689079849e+01
5.272422400694608768e+01
5.174069559700137688e+01
5.175716718705666608e+01
5.077363877711195528e+01
5.079011036716713079e+01
4.980658195722241999e+01
4.882305354727770919e+01
4.783952513733299838e+01
4.685599672738828758e+01
4.587246831744346309e+01
4.588893990749875229e+01
4.490541149755404149e+01
4.492188308760933069e+01
4.493835467766461989e+01
4.495482626771979540e+01
4.497129785777508459e+01
4.498776944783037379e+01
4.500424103788566299e+01
4.502071262794095219e+01
4.503718421799612770e+01
4.505365580805141690e+01
4.507012739810670610e+01
4.508659898816199529e+01
4.410307057821728449e+01
4.411954216827257369e+01
4.413601375832774920e+01
4.415248534838303840e+01
4.416895693843832760e+01
4.418542852849361680e+01
4.420190011854890599e+01
4.421837170860408150e+01
4.423484329865937070e+01
4.525131488871465990e+01
4.526778647876994910e+01
4.628425806882523830e+01
4.630072965888041381e+01
4.631720124893570301e+01
4.533367283899099220e+01
4.535014442904628140e+01
4.436661601910157060e+01
4.338308760915674611e+01
4.339955919921203531e+01
6.641603078926732451e+01
6.443250237932261371e+01
6.444897396937790290e+01
6.346544555943307842e+01
6.348191714948836761e+01
6.449838873954365681e+01
6.451486032959894601e+01
6.753133191965423521e+01
4.454780350970941072e+01
4.456427509976469992e+01
6.158074668981998911e+01
6.059721827987527831e+01
5.961368986993056751e+01
6.563016145998574302e+01
4.864663305004103222e+01
5.866310464009632142e+01
5.867957623015161062e+01
5.969604782020689981e+01
6.171251941026207533e+01
5.672899100031736452e+01
5.674546259037265372e+01
5.676193418042794292e+01
5.577840577048323212e+01
5.579487736053852132e+01
5.481134895059369683e+01
5.482782054064898603e+01
5.384429213070427522e+01
5.286076372075956442e+01
5.287723531081485362e+01
5.289370690087002913e+01
5.291017849092531833e+01
5.292665008098060753e+01
5.294312167103589672e+01
5.195959326109118592e+01
5.197606485114636143e+01
5.199253644120165063e+01
5.200900803125693983e+01
5.202547962131222903e+01
5.104195121136751823e+01
5.105842280142269374e+01
5.007489439147798294e+01
5.009136598153327213e+01
5.010783757158856133e+01
4.912430916164385053e+01
4.914078075169902604e+01
4.915725234175431524e+01
4.817372393180960444e+01
4.819019552186489364e+01
4.820666711192018283e+01
4.822313870197535834e+01
4.823961029203064754e+01
4.825608188208593674e+01
4.827255347214122594e+01
4.828902506219651514e+01
4.830549665225169065e+01
4.832196824230697985e+01
4.833843983236226904e+01
4.835491142241755824e+01
4.837138301247284744e+01
4.838785460252802295e+01
4.840432619258331215e+01
4.842079778263860135e+01
4.843726937269389055e+01
4.845374096274917974e+01
4.847021255280446894e+01
4.848668414285964445e+01
4.850315573291493365e+01
4.851962732297022285e+01
4.853609891302551205e+01
4.855257050308080125e+01
4.856904209313597676e+01
4.858551368319126595e+01
4.860198527324655515e+01
4.961845686330184435e+01
4.963492845335713355e+01
5.065140004341230906e+01
5.066787163346759826e+01
5.168434322352288746e+01
5.270081481357817665e+01
5.271728640363346585e+01
5.373375799368864136e+01
5.375022958374393056e+01
5.476670117379921976e+01
5.478317276385450896e+01
5.479964435390979816e+01
5.381611594396497367e+01
5.383258753402026286e+01
5.284905912407555206e+01
5.286553071413084126e+01
5.188200230418613046e+01
5.189847389424130597e+01
5.091494548429659517e+01
5.093141707435188437e+01
4.994788866440717356e+01
4.996436025446246276e+01
4.998083184451763827e+01
4.999730343457292747e+01
5.001377502462821667e+01
5.003024661468350587e+01
5.104671820473879507e+01
5.106318979479397058e+01
5.207966138484925978e+01
5.209613297490454897e+01
5.311260456495983817e+01
5.312907615501512737e+01
5.314554774507041657e+01
5.416201933512559208e+01
5.417849092518088128e+01
5.519496251523617047e+01
5.521143410529145967e+01
5.522790569534663518e+01
5.624437728540192438e+01
5.626084887545721358e+01
5.627732046551250278e+01
5.729379205556779198e+01
5.731026364562308117e+01
5.732673523567825669e+01
5.634320682573354588e+01
5.635967841578883508e+01
5.637615000584412428e+01
5.539262159589941348e+01
5.540909318595458899e+01
5.542556477600987819e+01
5.544203636606516739e+01
5.545850795612045658e+01
5.547497954617574578e+01
5.549145113623092129e+01
5.550792272628621049e+01
5.652439431634149969e+01
5.654086590639678889e+01
5.755733749645207808e+01
5.757380908650725360e+01
5.859028067656254279e+01
5.860675226661783199e+01
5.962322385667312119e+01
5.863969544672841039e+01
5.865616703678358590e+01
5.867263862683887510e+01
5.868911021689416430e+01
5.870558180694945349e+01
5.872205339700474269e+01
5.973852498705991820e+01
5.975499657711520740e+01
5.977146816717049660e+01
6.078793975722578580e+01
6.080441134728107500e+01
6.182088293733625051e+01
6.183735452739153970e+01
6.285382611744682890e+01
6.387029770750211810e+01
6.388676929755740730e+01
6.490324088761258281e+01
6.491971247766787201e+01
6.593618406772316121e+01
6.595265565777845040e+01
6.696912724783373960e+01
6.698559883788902880e+01
6.700207042794420431e+01
6.701854201799949351e+01
6.803501360805478271e+01
6.805148519811007191e+01
6.806795678816536110e+01
6.808442837822053662e+01
6.810089996827582581e+01
6.811737155833111501e+01
6.813384314838640421e+01
6.815031473844169341e+01
6.916678632849686892e+01
6.918325791855215812e+01
6.919972950860744731e+01
7.021620109866273651e+01
7.023267268871802571e+01
7.024914427877320122e+01
7.026561586882849042e+01
7.028208745888377962e+01
7.029855904893906882e+01
6.931503063899435801e+01
6.933150222904953353e+01
6.834797381910482272e+01
6.736444540916011192e+01
6.738091699921540112e+01
6.639738858927069032e+01
6.541386017932586583e+01
6.343033176938115503e+01
7.144680335943644423e+01
7.146327494949173342e+01
7.247974653954702262e+01
7.449621812960219813e+01
5.751268971965748733e+01
5.652916130971277653e+01
5.654563289976806573e+01
5.656210448982335492e+01
5.657857607987853044e+01
5.559504766993381963e+01
5.561151925998910883e+01
5.562799085004439803e+01
5.464446244009968723e+01
5.466093403015497643e+01
5.367740562021015194e+01
5.269387721026544114e+01
5.271034880032073033e+01
5.172682039037601953e+01
5.074329198043130873e+01
4.975976357048648424e+01
4.877623516054177344e+01
4.879270675059706264e+01
4.880917834065235184e+01
4.882564993070764103e+01
4.884212152076281654e+01
4.885859311081810574e+01
4.887506470087339494e+01
4.989153629092868414e+01
5.090800788098397334e+01
5.192447947103914885e+01
5.394095106109443805e+01
5.495742265114972724e+01
5.497389424120501644e+01
5.599036583126030564e+01
5.600683742131548115e+01
5.602330901137077035e+01
5.603978060142605955e+01
5.605625219148134875e+01
5.707272378153663794e+01
5.708919537159181345e+01
5.810566696164710265e+01
5.812213855170239185e+01
5.913861014175768105e+01
5.915508173181297025e+01
5.917155332186814576e+01
5.918802491192343496e+01
5.920449650197872415e+01
6.022096809203401335e+01
6.023743968208930255e+01
6.025391127214447806e+01
6.027038286219976726e+01
6.028685445225505646e+01
6.130332604231034566e+01
6.131979763236563485e+01
6.133626922242092405e+01
6.135274081247609956e+01
6.136921240253138876e+01
6.038568399258667796e+01
6.040215558264196716e+01
6.041862717269725636e+01
5.943509876275243187e+01
5.945157035280772106e+01
5.846804194286301026e+01
5.848451353291829946e+01
5.750098512297358866e+01
5.751745671302876417e+01
5.653392830308405337e+01
5.655039989313934257e+01
5.556687148319463176e+01
5.558334307324992096e+01
5.459981466330509647e+01
5.361628625336038567e+01
5.263275784341567487e+01
5.164922943347096407e+01
5.166570102352625327e+01
5.168217261358142878e+01
5.169864420363671798e+01
5.271511579369200717e+01
5.273158738374729637e+01
5.374805897380258557e+01
5.376453056385776108e+01
5.378100215391305028e+01
5.479747374396833948e+01
5.581394533402362867e+01
5.683041692407891787e+01
5.784688851413409338e+01
5.886336010418938258e+01
6.087983169424467178e+01
6.089630328429996098e+01
6.191277487435525018e+01
6.192924646441042569e+01
6.194571805446571489e+01
6.196218964452100408e+01
6.297866123457629328e+01
6.399513282463158248e+01
6.501160441468687168e+01
6.502807600474204719e+01
6.604454759479733639e+01
6.706101918485262559e+01
6.707749077490791478e+01
6.809396236496309029e+01
6.911043395501837949e+01
6.912690554507366869e+01
7.014337713512895789e+01
7.015984872518424709e+01
7.117632031523953628e+01
7.119279190529471180e+01
7.120926349535000099e+01
7.122573508540529019e+01
7.024220667546057939e+01
7.025867826551586859e+01
6.927514985557104410e+01
6.929162144562633330e+01
6.930809303568162250e+01
6.832456462573691169e+01
6.834103621579220089e+01
6.835750780584737640e+01
6.837397939590266560e+01
6.839045098595795480e+01
6.840692257601324400e+01
6.742339416606853320e+01
6.743986575612370871e+01
6.645633734617899790e+01
6.647280893623428710e+01
6.648928052628957630e+01
6.550575211634486550e+01
6.552222370640004101e+01
6.553869529645533021e+01
6.555516688651061941e+01
6.557163847656590860e+01
6.558811006662119780e+01
6.460458165667637331e+01
6.462105324673166251e+01
6.463752483678695171e+01
6.465399642684224091e+01
6.467046801689753011e+01
6.468693960695270562e+01
6.470341119700799482e+01
6.371988278706328401e+01
6.373635437711857321e+01
6.275282596717386241e+01
6.176929755722903792e+01
6.178576914728432712e+01
6.080224073733961632e+01
5.981871232739490551e+01
5.883518391745019471e+01
5.885165550750548391e+01
5.786812709756065942e+01
5.788459868761594862e+01
5.790107027767123782e+01
5.791754186772652702e+01
5.793401345778181621e+01
5.795048504783699173e+01
5.796695663789228092e+01
5.698342822794757012e+01
5.699989981800285932e+01
5.701637140805814852e+01
5.703284299811332403e+01
5.704931458816861323e+01
5.706578617822390243e+01
5.808225776827919162e+01
5.809872935833448082e+01
5.911520094838965633e+01
5.913167253844494553e+01
5.914814412850023473e+01
6.016461571855552393e+01
6.118108730861081312e+01
6.219755889866598864e+01
6.221403048872127783e+01
6.323050207877656703e+01
6.424697366883185623e+01
6.426344525888714543e+01
6.527991684894232094e+01
6.529638843899761014e+01
6.531286002905289934e+01
6.632933161910818853e+01
6.634580320916347773e+01
6.736227479921865324e+01
6.737874638927394244e+01
6.739521797932923164e+01
6.841168956938452084e+01
6.842816115943981004e+01
6.944463274949498555e+01
6.946110433955027474e+01
6.847757592960556394e+01
6.849404751966085314e+01
6.751051910971614234e+01
6.752699069977143154e+01
6.754346228982660705e+01
6.755993387988189625e+01
6.757640546993718544e+01
6.659287705999247464e+01
6.660934865004776384e+01
6.662582024010293935e+01
6.664229183015822855e+01
6.665876342021351775e+01
6.767523501026880695e+01
6.769170660032409614e+01
6.770817819037927165e+01
6.772464978043456085e+01
6.774112137048985005e+01
6.775759296054513925e+01
6.777406455060042845e+01
6.779053614065560396e+01
6.780700773071089316e+01
6.782347932076618235e+01
6.683995091082147155e+01
6.685642250087676075e+01
6.687289409093193626e+01
6.688936568098722546e+01
6.690583727104251466e+01
6.692230886109780386e+01
6.693878045115309305e+01
6.595525204120826857e+01
6.597172363126355776e+01
6.598819522131884696e+01
6.600466681137413616e+01
6.602113840142942536e+01
6.703760999148460087e+01
6.805408158153989007e+01
6.907055317159517926e+01
7.008702476165046846e+01
7.110349635170575766e+01
7.111996794176093317e+01
7.213643953181622237e+01
7.215291112187151157e+01
7.316938271192680077e+01
7.318585430198208996e+01
7.420232589203737916e+01
7.421879748209255467e+01
7.523526907214784387e+01
7.525174066220313307e+01
7.526821225225842227e+01
7.528468384231371147e+01
7.630115543236888698e+01
7.631762702242417618e+01
7.633409861247946537e+01
7.635057020253475457e+01
7.636704179259004377e+01
7.638351338264521928e+01
7.639998497270050848e+01
7.641645656275579768e+01
7.543292815281108687e+01
7.544939974286637607e+01
7.546587133292155158e+01
7.448234292297684078e+01
7.449881451303212998e+01
7.451528610308741918e+01
7.453175769314270838e+01
7.454822928319788389e+01
7.456470087325317309e+01
7.458117246330846228e+01
7.459764405336375148e+01
7.461411564341904068e+01
7.463058723347421619e+01
7.464705882352950539e+01
7.466353041358479459e+01
7.568000200364008379e+01
7.569647359369537298e+01
7.671294518375054849e+01
7.772941677380583769e+01
7.774588836386112689e+01
7.776235995391641609e+01
7.877883154397170529e+01
7.879530313402688080e+01
7.881177472408217000e+01
7.982824631413745919e+01
7.984471790419274839e+01
7.986118949424803759e+01
7.987766108430332679e+01
7.989413267435850230e+01
7.991060426441379150e+01
7.892707585446908070e+01
7.894354744452436989e+01
7.796001903457954540e+01
7.797649062463483460e+01
7.799296221469012380e+01
7.800943380474541300e+01
7.802590539480070220e+01
7.804237698485599140e+01
8.005884857491116691e+01
8.107532016496645610e+01
8.209179175502174530e+01
8.210826334507703450e+01
8.212473493513232370e+01
8.314120652518749921e+01
8.315767811524278841e+01
8.317414970529807761e+01
8.319062129535336680e+01
8.420709288540865600e+01
8.422356447546383151e+01
8.524003606551912071e+01
8.525650765557440991e+01
8.627297924562969911e+01
8.728945083568498831e+01
8.730592242574016382e+01
8.832239401579545302e+01
8.933886560585074221e+01
9.035533719590603141e+01
9.137180878596132061e+01
9.138828037601649612e+01
9.140475196607178532e+01
9.142122355612707452e+01
9.143769514618236371e+01
9.045416673623765291e+01
9.047063832629282842e+01
9.048710991634811762e+01
8.950358150640340682e+01
8.952005309645869602e+01
8.953652468651398522e+01
8.855299627656916073e+01
8.756946786662444993e+01
8.658593945667973912e+01
8.560241104673502832e+01
8.361888263679031752e+01
8.163535422684549303e+01
8.065182581690078223e+01
7.866829740695607143e+01
7.768476899701136063e+01
7.670124058706664982e+01
7.671771217712193902e+01
7.573418376717711453e+01
7.575065535723240373e+01
7.476712694728769293e+01
7.478359853734298213e+01
7.380007012739827132e+01
7.281654171745344684e+01
7.283301330750873603e+01
7.184948489756402523e+01
7.086595648761931443e+01
6.988242807767460363e+01
6.989889966772977914e+01
6.891537125778506834e+01
6.893184284784035754e+01
6.894831443789564673e+01
6.796478602795093593e+01
6.798125761800611144e+01
6.699772920806140064e+01
6.701420079811668984e+01
6.603067238817197904e+01
6.504714397822726824e+01
6.406361556828244375e+01
6.408008715833773294e+01
6.409655874839302214e+01
6.411303033844831134e+01
6.412950192850360054e+01
6.414597351855877605e+01
6.416244510861406525e+01
6.417891669866935445e+01
6.519538828872464364e+01
6.521185987877993284e+01
6.522833146883510835e+01
6.524480305889039755e+01
6.426127464894568675e+01
6.427774623900097595e+01
6.429421782905626515e+01
6.331068941911144066e+01
6.332716100916672985e+01
6.334363259922201905e+01
6.336010418927730825e+01
6.337657577933259745e+01
6.339304736938788665e+01
6.340951895944306216e+01
6.342599054949835136e+01
6.344246213955364055e+01
6.245893372960892975e+01
6.247540531966421895e+01
6.249187690971939446e+01
6.150834849977468366e+01
6.152482008982997286e+01
6.154129167988526206e+01
6.155776326994055125e+01
6.157423485999572677e+01
6.159070645005101596e+01
6.260717804010630516e+01
6.362364963016159436e+01
6.464012122021688356e+01
6.565659281027205907e+01
6.567306440032734827e+01
6.668953599038263746e+01
6.770600758043792666e+01
6.772247917049321586e+01
6.873895076054839137e+01
6.975542235060368057e+01
6.977189394065896977e+01
7.078836553071425897e+01
7.080483712076954816e+01
7.082130871082472368e+01
7.183778030088001287e+01
7.085425189093530207e+01
7.087072348099059127e+01
7.088719507104588047e+01
6.990366666110105598e+01
6.992013825115634518e+01
6.893660984121163438e+01
6.795308143126692357e+01
6.596955302132221277e+01
6.498602461137738828e+01
6.400249620143267748e+01
6.401896779148796668e+01
6.403543938154325588e+01
6.405191097159854507e+01
6.306838256165383427e+01
6.308485415170900978e+01
6.310132574176429898e+01
6.211779733181958818e+01
6.213426892187487738e+01
6.215074051193016658e+01
6.216721210198534209e+01
6.218368369204063129e+01
6.220015528209592048e+01
6.221662687215120968e+01
6.223309846220649888e+01
6.324957005226167439e+01
6.426604164231696359e+01
6.528251323237225279e+01
6.529898482242754199e+01
6.631545641248283118e+01
6.733192800253800669e+01
6.934839959259329589e+01
7.136487118264858509e+01
7.338134277270387429e+01
7.439781436275916349e+01
7.541428595281433900e+01
7.643075754286962820e+01
7.644722913292491739e+01
7.746370072298020659e+01
7.748017231303549579e+01
7.749664390309067130e+01
7.851311549314596050e+01
7.852958708320124970e+01
7.854605867325653890e+01
7.856253026331182809e+01
7.857900185336700360e+01
7.859547344342229280e+01
7.861194503347758200e+01
7.862841662353287120e+01
7.964488821358816040e+01
8.066135980364333591e+01
8.167783139369862511e+01
8.269430298375391430e+01
8.371077457380920350e+01
8.372724616386449270e+01
8.474371775391978190e+01
8.576018934397495741e+01
8.677666093403024661e+01
8.679313252408553581e+01
8.780960411414082500e+01
8.782607570419600052e+01
8.884254729425128971e+01
8.885901888430657891e+01
8.887549047436186811e+01
8.889196206441715731e+01
8.790843365447244651e+01
8.792490524452762202e+01
8.794137683458291121e+01
8.695784842463820041e+01
8.697432001469348961e+01
8.599079160474877881e+01
8.600726319480395432e+01
8.502373478485924352e+01
8.504020637491453272e+01
8.505667796496982191e+01
8.507314955502511111e+01
8.508962114508028662e+01
8.510609273513557582e+01
8.512256432519086502e+01
8.513903591524615422e+01
8.515550750530144342e+01
8.617197909535661893e+01
8.618845068541190813e+01
8.520492227546719732e+01
8.522139386552248652e+01
8.423786545557777572e+01
8.425433704563295123e+01
8.327080863568824043e+01
8.128728022574352963e+01
8.030375181579881882e+01
7.932022340585410802e+01
7.833669499590928353e+01
7.735316658596457273e+01
7.736963817601986193e+01
7.638610976607515113e+01
7.540258135613044033e+01
7.541905294618561584e+01
7.443552453624090504e+01
7.345199612629619423e+01
7.246846771635148343e+01
7.048493930640677263e+01
6.750141089646194814e+01
6.551788248651723734e+01
6.453435407657252654e+01
6.455082566662781574e+01
6.456729725668310493e+01
6.458376884673839413e+01
6.460024043679356964e+01
6.361671202684885884e+01
6.363318361690414804e+01
6.264965520695943724e+01
6.166612679701472644e+01
6.068259838706990195e+01
5.869906997712519114e+01
5.771554156718048034e+01
5.673201315723576954e+01
5.574848474729105874e+01
5.576495633734623425e+01
5.578142792740152345e+01
5.579789951745681265e+01
5.681437110751210184e+01
5.683084269756739104e+01
5.684731428762256655e+01
5.686378587767785575e+01
5.788025746773314495e+01
5.689672905778843415e+01
5.691320064784372335e+01
5.692967223789889886e+01
5.594614382795418805e+01
5.596261541800947725e+01
5.497908700806476645e+01
5.399555859812005565e+01
5.401203018817523116e+01
5.402850177823052036e+01
5.404497336828580956e+01
5.406144495834109875e+01
5.507791654839638795e+01
5.609438813845156346e+01
5.711085972850685266e+01
5.812733131856214186e+01
5.914380290861743106e+01
5.916027449867272026e+01
6.017674608872789577e+01
6.019321767878318497e+01
6.020968926883847416e+01
6.022616085889376336e+01
5.924263244894905256e+01
5.925910403900434176e+01
5.827557562905951727e+01
5.629204721911480647e+01
5.530851880917009566e+01
5.432499039922538486e+01
5.434146198928067406e+01
5.335793357933584957e+01
5.337440516939113877e+01
5.339087675944642797e+01
5.240734834950171717e+01
5.242381993955700636e+01
5.244029152961218188e+01
5.145676311966747107e+01
5.147323470972276027e+01
5.148970629977804947e+01
5.150617788983333867e+01
5.152264947988851418e+01
5.153912106994380338e+01
5.255559265999909258e+01
5.257206425005438177e+01
5.258853584010967097e+01
5.360500743016484648e+01
5.462147902022013568e+01
5.563795061027542488e+01
5.865442220033071408e+01
6.767089379038600327e+01
6.868736538044117879e+01
6.970383697049646798e+01
7.072030856055175718e+01
7.073678015060704638e+01
7.175325174066233558e+01
7.176972333071751109e+01
7.278619492077280029e+01
7.280266651082808949e+01
7.281913810088337868e+01
7.383560969093866788e+01
7.385208128099384339e+01
7.386855287104913259e+01
7.388502446110442179e+01
7.390149605115971099e+01
7.391796764121500019e+01
7.393443923127028938e+01
7.395091082132546489e+01
7.396738241138075409e+01
7.298385400143604329e+01
7.300032559149133249e+01
7.401679718154662169e+01
7.503326877160179720e+01
7.704974036165708640e+01
7.706621195171237559e+01
7.808268354176766479e+01
7.909915513182295399e+01
7.911562672187812950e+01
8.013209831193341870e+01
7.914856990198870790e+01
7.416504149204399710e+01
7.118151308209928629e+01
8.319798467215446180e+01
8.321445626220975100e+01
8.323092785226504020e+01
8.324739944232032940e+01
8.326387103237561860e+01
8.328034262243079411e+01
8.429681421248608331e+01
8.531328580254137250e+01
6.732975739259666170e+01
6.634622898265195090e+01
6.636270057270712641e+01
6.537917216276241561e+01
6.439564375281770481e+01
6.341211534287299401e+01
6.242858693292828320e+01
6.144505852298345872e+01
6.046153011303874791e+01
5.847800170309403711e+01
5.749447329314932631e+01
5.651094488320461551e+01
5.652741647325979102e+01
5.554388806331508022e+01
5.556035965337036941e+01
5.457683124342565861e+01
5.459330283348094781e+01
5.460977442353623701e+01
5.462624601359141252e+01
5.364271760364670172e+01
5.365918919370199092e+01
5.367566078375728011e+01
7.769213237381245563e+01
7.670860396386774482e+01
7.472507555392303402e+01
7.374154714397832322e+01
7.375801873403361242e+01
7.377449032408890162e+01
7.379096191414407713e+01
7.380743350419936633e+01
7.382390509425465552e+01
7.484037668430994472e+01
7.685684827436523392e+01
7.787331986442040943e+01
5.088979145447569863e+01
5.190626304453098783e+01
5.192273463458627702e+01
5.193920622464156622e+01
5.295567781469674173e+01
5.397214940475203093e+01
5.498862099480732013e+01
5.500509258486260933e+01
5.602156417491789853e+01
5.603803576497307404e+01
5.705450735502836324e+01
5.707097894508365243e+01
5.808745053513894163e+01
5.810392212519423083e+01
5.912039371524940634e+01
5.913686530530469554e+01
6.015333689535998474e+01
6.016980848541527394e+01
6.118628007547056313e+01
6.120275166552573864e+01
6.021922325558102784e+01
6.023569484563631704e+01
6.025216643569160624e+01
6.026863802574689544e+01
6.028510961580207095e+01
6.030158120585736015e+01
6.031805279591264934e+01
6.033452438596793854e+01
6.035099597602322774e+01
6.036746756607840325e+01
6.138393915613369245e+01
6.140041074618898165e+01
6.141688233624427085e+01
6.143335392629956004e+01
6.144982551635484924e+01
6.146629710641002475e+01
6.148276869646531395e+01
6.249924028652060315e+01
6.251571187657589235e+01
6.353218346663118155e+01
6.354865505668635706e+01
6.456512664674164625e+01
6.558159823679693545e+01
6.659806982685222465e+01
6.861454141690751385e+01
7.063101300696268936e+01
7.164748459701797856e+01
7.266395618707326776e+01
7.168042777712855695e+01
7.169689936718384615e+01
6.971337095723902166e+01
6.872984254729431086e+01
6.774631413734960006e+01
6.776278572740488926e+01
6.777925731746017846e+01
6.679572890751535397e+01
6.681220049757064317e+01
6.682867208762593236e+01
6.584514367768122156e+01
6.586161526773651076e+01
6.487808685779168627e+01
6.489455844784697547e+01
6.491103003790226467e+01
6.492750162795755386e+01
6.494397321801284306e+01
6.496044480806801857e+01
6.497691639812330777e+01
6.499338798817859697e+01
6.500985957823388617e+01
6.602633116828917537e+01
6.604280275834435088e+01
6.605927434839964008e+01
6.707574593845492927e+01
6.709221752851021847e+01
6.710868911856550767e+01
6.712516070862079687e+01
6.714163229867597238e+01
6.715810388873126158e+01
6.717457547878655078e+01
6.719104706884183997e+01
6.720751865889712917e+01
6.722399024895230468e+01
6.624046183900759388e+01
6.625693342906288308e+01
6.527340501911817228e+01
6.428987660917346147e+01
6.430634819922863699e+01
6.332281978928392618e+01
6.333929137933921538e+01
6.235576296939450458e+01
6.237223455944979378e+01
6.138870614950496929e+01
6.140517773956025849e+01
6.142164932961554769e+01
6.043812091967083688e+01
6.045459250972612608e+01
6.047106409978130159e+01
6.048753568983659079e+01
6.050400727989187999e+01
5.952047886994716919e+01
5.953695046000245839e+01
5.955342205005763390e+01
5.956989364011292309e+01
5.958636523016821229e+01
5.960283682022350149e+01
5.961930841027879069e+01
6.063578000033396620e+01
6.165225159038925540e+01
6.466872318044454460e+01
7.268519477049983379e+01
7.370166636055512299e+01
7.371813795061029850e+01
7.473460954066558770e+01
7.475108113072087690e+01
7.376755272077616610e+01
7.378402431083145530e+01
7.280049590088674449e+01
6.981696749094192000e+01
6.883343908099720920e+01
6.884991067105249840e+01
6.886638226110778760e+01
6.788285385116307680e+01
6.789932544121825231e+01
6.791579703127354151e+01
6.793226862132883070e+01
6.794874021138411990e+01
6.796521180143940910e+01
6.798168339149458461e+01
6.799815498154987381e+01
6.801462657160516301e+01
6.803109816166045221e+01
6.804756975171574140e+01
6.706404134177091692e+01
6.708051293182620611e+01
6.609698452188149531e+01
6.511345611193678451e+01
6.512992770199207371e+01
6.514639929204724922e+01
6.616287088210253842e+01
6.817934247215782761e+01
7.019581406221311681e+01
7.121228565226840601e+01
7.122875724232358152e+01
7.224522883237887072e+01
7.226170042243415992e+01
7.227817201248944912e+01
7.329464360254473831e+01
7.331111519259991383e+01
7.432758678265520302e+01
7.534405837271049222e+01
7.636052996276578142e+01
7.637700155282107062e+01
7.739347314287624613e+01
7.840994473293153533e+01
7.842641632298682453e+01
7.944288791304211372e+01
7.945935950309740292e+01
8.047583109315269212e+01
8.049230268320786763e+01
8.050877427326315683e+01
8.052524586331844603e+01
8.054171745337373522e+01
8.055818904342891074e+01
8.057466063348419993e+01
7.959113222353948913e+01
7.960760381359477833e+01
7.862407540365006753e+01
7.864054699370535673e+01
7.765701858376053224e+01
7.767349017381582144e+01
7.668996176387111063e+01
7.570643335392639983e+01
7.472290494398168903e+01
7.473937653403686454e+01
7.375584812409215374e+01
7.277231971414744294e+01
7.178879130420273214e+01
7.080526289425802133e+01
6.982173448431319684e+01
6.883820607436848604e+01
6.785467766442377524e+01
6.587114925447906444e+01
6.488762084453435364e+01
6.390409243458952915e+01
6.292056402464481835e+01
6.293703561470010754e+01
6.295350720475539674e+01
6.296997879481068594e+01
6.298645038486586145e+01
6.300292197492115065e+01
6.301939356497643985e+01
6.403586515503172905e+01
6.505233674508701824e+01
6.606880833514219376e+01
6.708527992519748295e+01
6.810175151525277215e+01
7.011822310530806135e+01
7.013469469536335055e+01
7.115116628541852606e+01
7.216763787547381526e+01
7.218410946552910445e+01
7.320058105558439365e+01
7.421705264563968285e+01
7.423352423569485836e+01
7.524999582575014756e+01
7.626646741580543676e+01
7.628293900586072596e+01
7.729941059591601515e+01
7.731588218597130435e+01
7.833235377602647986e+01
7.834882536608176906e+01
7.936529695613705826e+01
7.938176854619234746e+01
8.039824013624763666e+01
8.041471172630281217e+01
8.143118331635810137e+01
8.144765490641339056e+01
8.146412649646867976e+01
8.148059808652396896e+01
8.149706967657914447e+01
8.151354126663443367e+01
8.053001285668972287e+01
8.054648444674501206e+01
7.956295603680030126e+01
7.857942762685547677e+01
7.759589921691076597e+01
7.661237080696605517e+01
7.562884239702134437e+01
7.464531398707663357e+01
7.466178557713180908e+01
7.367825716718709828e+01
7.369472875724238747e+01
7.471120034729767667e+01
7.572767193735296587e+01
7.874414352740814138e+01
8.076061511746343058e+01
8.177708670751871978e+01
8.179355829757400898e+01
8.281002988762929817e+01
8.382650147768447368e+01
8.384297306773976288e+01
8.485944465779505208e+01
8.487591624785034128e+01
8.589238783790563048e+01
8.590885942796080599e+01
8.592533101801609519e+01
8.594180260807138438e+01
8.595827419812667358e+01
8.597474578818196278e+01
8.599121737823725198e+01
8.600768896829242749e+01
8.502416055834771669e+01
8.504063214840300589e+01
8.505710373845829508e+01
8.407357532851358428e+01
8.409004691856875979e+01
8.410651850862404899e+01
8.412299009867933819e+01
8.313946168873462739e+01
8.215593327878991659e+01
8.217240486884509210e+01
8.118887645890038129e+01
8.120534804895567049e+01
8.022181963901095969e+01
8.023829122906624889e+01
8.025476281912142440e+01
8.027123440917671360e+01
7.928770599923200280e+01
7.930417758928729199e+01
7.832064917934258119e+01
7.833712076939775670e+01
7.735359235945304590e+01
7.737006394950833510e+01
7.638653553956362430e+01
7.640300712961891350e+01
7.541947871967408901e+01
7.443595030972937820e+01
7.445242189978466740e+01
7.346889348983995660e+01
7.348536507989524580e+01
7.350183666995042131e+01
7.351830826000571051e+01
7.353477985006099971e+01
7.455125144011628890e+01
7.456772303017157810e+01
7.558419462022675361e+01
7.560066621028204281e+01
7.561713780033733201e+01
7.663360939039262121e+01
7.665008098044791041e+01
7.566655257050319960e+01
7.568302416055837512e+01
7.569949575061366431e+01
7.571596734066895351e+01
7.573243893072424271e+01
7.574891052077941822e+01
7.676538211083470742e+01
7.678185370088999662e+01
7.779832529094528581e+01
7.781479688100057501e+01
7.783126847105586421e+01
7.884774006111103972e+01
7.886421165116632892e+01
7.888068324122161812e+01
7.989715483127690732e+01
8.091362642133219651e+01
8.093009801138737203e+01
8.194656960144266122e+01
8.196304119149795042e+01
8.197951278155323962e+01
8.099598437160852882e+01
8.101245596166370433e+01
8.002892755171899353e+01
8.004539914177428273e+01
8.006187073182957192e+01
8.007834232188486112e+01
8.009481391194003663e+01
8.111128550199532583e+01
8.112775709205061503e+01
8.214422868210590423e+01
8.316070027216119342e+01
8.317717186221636894e+01
8.419364345227165813e+01
8.421011504232694733e+01
8.522658663238223653e+01
8.524305822243752573e+01
8.525952981249270124e+01
8.527600140254799044e+01
8.529247299260327964e+01
8.530894458265856883e+01
8.432541617271385803e+01
8.434188776276914723e+01
8.435835935282432274e+01
8.437483094287961194e+01
8.339130253293490114e+01
8.340777412299019034e+01
8.242424571304536585e+01
8.244071730310065504e+01
8.145718889315594424e+01
8.147366048321123344e+01
8.149013207326652264e+01
8.150660366332181184e+01
8.152307525337698735e+01
8.153954684343227655e+01
8.255601843348756574e+01
8.357249002354285494e+01
8.358896161359814414e+01
8.460543320365331965e+01
8.562190479370860885e+01
8.663837638376389805e+01
8.765484797381918725e+01
8.867131956387447644e+01
8.868779115392965195e+01
8.970426274398494115e+01
8.972073433404023035e+01
8.973720592409551955e+01
8.875367751415080875e+01
8.777014910420598426e+01
8.078662069426127346e+01
7.780309228431656265e+01
7.581956387437185185e+01
7.483603546442714105e+01
7.385250705448231656e+01
7.286897864453760576e+01
7.188545023459289496e+01
7.190192182464818416e+01
7.191839341470347335e+01
7.193486500475864887e+01
7.195133659481393806e+01
7.196780818486922726e+01
7.198427977492451646e+01
7.200075136497980566e+01
7.301722295503509486e+01
7.303369454509027037e+01
7.405016613514555956e+01
7.406663772520084876e+01
7.508310931525613796e+01
7.509958090531131347e+01
7.611605249536660267e+01
7.613252408542189187e+01
7.714899567547718107e+01
7.716546726553247026e+01
7.918193885558775946e+01
8.419841044564293497e+01
8.521488203569822417e+01
8.423135362575351337e+01
8.024782521580880257e+01
7.826429680586409177e+01
7.828076839591926728e+01
7.829723998597455648e+01
7.831371157602984567e+01
7.833018316608513487e+01
7.834665475614042407e+01
7.836312634619559958e+01
7.837959793625088878e+01
7.939606952630617798e+01
7.941254111636146718e+01
7.942901270641675637e+01
7.944548429647193188e+01
8.046195588652722108e+01
8.047842747658251028e+01
8.149489906663779948e+01
8.251137065669308868e+01
8.252784224674826419e+01
8.354431383680355339e+01
8.456078542685884258e+01
8.457725701691413178e+01
8.559372860696942098e+01
8.661020019702459649e+01
8.862667178707988569e+01
9.064314337713517489e+01
9.165961496719046409e+01
9.267608655724575328e+01
9.369255814730092879e+01
9.370902973735621799e+01
9.372550132741150719e+01
9.474197291746679639e+01
9.475844450752208559e+01
9.477491609757726110e+01
9.479138768763255030e+01
9.480785927768783949e+01
9.382433086774312869e+01
9.384080245779841789e+01
9.385727404785370709e+01
9.387374563790888260e+01
9.489021722796417180e+01
9.490668881801946100e+01
9.692316040807475019e+01
1.009396319981300394e+02
1.029561035881852149e+02
1.039725751782405041e+02
1.049890467682957933e+02
1.050055183583510825e+02
1.040219899484063717e+02
1.040384615384615472e+02
1.030549331285168364e+02
1.030714047185721256e+02
1.030878763086274148e+02
1.031043478986827040e+02
1.021208194887378795e+02
1.021372910787931687e+02
1.021537626688484579e+02
1.011702342589037471e+02
1.001867058489590363e+02
9.920317743901421181e+01
9.821964902906950101e+01
9.723612061912479021e+01
9.625259220918007941e+01
9.526906379923536861e+01
9.428553538929054412e+01
9.330200697934583332e+01
9.331847856940112251e+01
9.233495015945641171e+01
9.235142174951170091e+01
9.136789333956687642e+01
9.038436492962216562e+01
9.040083651967745482e+01
9.041730810973274401e+01
8.943377969978803321e+01
8.945025128984320872e+01
8.846672287989849792e+01
8.848319446995378712e+01
8.849966606000907632e+01
8.851613765006436552e+01
8.853260924011965471e+01
8.854908083017483023e+01
8.756555242023011942e+01
8.758202401028540862e+01
8.759849560034069782e+01
8.761496719039587333e+01
8.663143878045116253e+01
8.664791037050645173e+01
8.566438196056174093e+01
8.568085355061703012e+01
8.569732514067231932e+01
8.571379673072749483e+01
8.573026832078278403e+01
8.574673991083807323e+01
8.576321150089336243e+01
8.477968309094865162e+01
8.479615468100382714e+01
8.381262627105911633e+01
8.282909786111440553e+01
8.184556945116969473e+01
7.986204104122498393e+01
7.887851263128015944e+01
7.789498422133544864e+01
7.691145581139073784e+01
7.692792740144602703e+01
7.694439899150131623e+01
7.596087058155649174e+01
7.597734217161178094e+01
7.499381376166707014e+01
7.401028535172235934e+01
7.302675694177764854e+01
7.304322853183282405e+01
7.205970012188811324e+01
7.207617171194340244e+01
7.209264330199869164e+01
7.210911489205398084e+01
7.212558648210915635e+01
7.314205807216444555e+01
7.315852966221973475e+01
7.317500125227502394e+01
7.319147284233031314e+01
7.320794443238560234e+01
7.322441602244077785e+01
7.324088761249606705e+01
7.325735920255135625e+01
7.327383079260664545e+01
7.329030238266182096e+01
7.330677397271711015e+01
7.332324556277239935e+01
7.433971715282768855e+01
7.435618874288297775e+01
7.537266033293826695e+01
7.538913192299344246e+01
7.640560351304873166e+01
7.742207510310402085e+01
7.743854669315931005e+01
7.845501828321459925e+01
7.947148987326977476e+01
8.048796146332506396e+01
8.250443305338035316e+01
8.452090464343564236e+01
8.553737623349093155e+01
8.555384782354610707e+01
8.657031941360139626e+01
8.658679100365668546e+01
8.660326259371197466e+01
8.561973418376726386e+01
8.463620577382243937e+01
7.865267736387772857e+01
7.566914895393301776e+01
7.668562054398830696e+01
7.770209213404359616e+01
7.971856372409877167e+01
8.273503531415406087e+01
8.575150690420935007e+01
8.676797849426463927e+01
9.478445008431992846e+01
9.680092167437510398e+01
9.881739326443039317e+01
9.983386485448568237e+01
9.985033644454097157e+01
1.008668080345962608e+02
1.018832796246515500e+02
1.018997512147067255e+02
1.019162228047620147e+02
1.029326943948173039e+02
1.029491659848725931e+02
1.029656375749277686e+02
1.029821091649830578e+02
1.029985807550383470e+02
1.040150523450936362e+02
1.040315239351489254e+02
1.040479955252042146e+02
1.040644671152593901e+02
1.040809387053146793e+02
1.040974102953699685e+02
1.041138818854252577e+02
1.041303534754805469e+02
1.051468250655357224e+02
1.051632966555910116e+02
1.041797682456463008e+02
1.041962398357015900e+02
1.042127114257568792e+02
1.032291830158120547e+02
1.032456546058673439e+02
1.022621261959226331e+02
1.022785977859779223e+02
1.012950693760332115e+02
1.003115409660883870e+02
9.932801255614367619e+01
9.834448414619896539e+01
9.736095573625425459e+01
9.637742732630954379e+01
9.539389891636471930e+01
9.441037050642000850e+01
9.442684209647529769e+01
9.344331368653058689e+01
9.345978527658587609e+01
9.347625686664105160e+01
9.349272845669634080e+01
9.350920004675163000e+01
9.352567163680691920e+01
9.354214322686220839e+01
9.355861481691738391e+01
9.357508640697267310e+01
9.359155799702796230e+01
9.560802958708325150e+01
9.762450117713854070e+01
9.964097276719371621e+01
1.016574443572490054e+02
1.036739159473042946e+02
1.056903875373595838e+02
1.067068591274148730e+02
1.077233307174701622e+02
1.087398023075253377e+02
1.097562738975806269e+02
1.097727454876359161e+02
1.107892170776912053e+02
1.108056886677464945e+02
1.118221602578016700e+02
9.728119416940774045e+01
9.729766575946302964e+01
9.731413734951831884e+01
9.633060893957360804e+01
9.634708052962878355e+01
9.536355211968407275e+01
9.438002370973936195e+01
9.339649529979465115e+01
9.241296688984994034e+01
9.142943847990522954e+01
9.144591006996040505e+01
8.946238166001569425e+01
8.847885325007098345e+01
8.849532484012627265e+01
8.751179643018156185e+01
8.752826802023673736e+01
8.654473961029202655e+01
8.656121120034731575e+01
8.657768279040260495e+01
8.659415438045789415e+01
8.661062597051306966e+01
8.662709756056835886e+01
8.664356915062364806e+01
8.666004074067893725e+01
8.567651233073422645e+01
8.569298392078940196e+01
8.470945551084469116e+01
8.472592710089998036e+01
8.374239869095526956e+01
8.375887028101055876e+01
8.177534187106573427e+01
8.079181346112102347e+01
7.980828505117631266e+01
7.882475664123160186e+01
7.884122823128689106e+01
7.885769982134206657e+01
7.887417141139735577e+01
7.889064300145264497e+01
7.890711459150793416e+01
7.892358618156322336e+01
7.994005777161851256e+01
7.995652936167368807e+01
8.097300095172897727e+01
8.098947254178426647e+01
8.200594413183955567e+01
8.202241572189473118e+01
8.303888731195002038e+01
8.405535890200530957e+01
8.407183049206059877e+01
8.508830208211588797e+01
8.510477367217117717e+01
8.612124526222635268e+01
8.613771685228164188e+01
8.715418844233693108e+01
8.717066003239222027e+01
8.718713162244750947e+01
8.720360321250268498e+01
8.822007480255797418e+01
8.823654639261326338e+01
8.825301798266855258e+01
8.826948957272384177e+01
8.828596116277901729e+01
8.830243275283430648e+01
8.831890434288959568e+01
8.833537593294488488e+01
8.835184752300017408e+01
8.836831911305534959e+01
8.838479070311063879e+01
8.840126229316592799e+01
8.841773388322121718e+01
8.843420547327650638e+01
8.845067706333168189e+01
8.846714865338697109e+01
8.848362024344226029e+01
8.850009183349754949e+01
8.851656342355283869e+01
8.853303501360801420e+01
8.754950660366330339e+01
8.756597819371859259e+01
8.658244978377388179e+01
8.659892137382917099e+01
8.561539296388446019e+01
8.463186455393963570e+01
8.364833614399492490e+01
8.266480773405021409e+01
8.168127932410550329e+01
8.069775091416067880e+01
7.971422250421596800e+01
7.973069409427125720e+01
7.974716568432654640e+01
7.976363727438183560e+01
8.078010886443712479e+01
8.079658045449230030e+01
8.081305204454758950e+01
8.182952363460287870e+01
8.184599522465816790e+01
8.186246681471345710e+01
8.187893840476863261e+01
8.189540999482392181e+01
8.191188158487921100e+01
8.192835317493450020e+01
8.194482476498978940e+01
8.096129635504496491e+01
8.097776794510025411e+01
8.099423953515554331e+01
8.101071112521083251e+01
8.102718271526612170e+01
8.104365430532129722e+01
8.006012589537658641e+01
8.007659748543187561e+01
8.009306907548716481e+01
7.910954066554245401e+01
7.912601225559762952e+01
7.814248384565291872e+01
7.715895543570820792e+01
7.617542702576349711e+01
7.519189861581878631e+01
7.520837020587396182e+01
7.422484179592925102e+01
7.424131338598454022e+01
7.425778497603982942e+01
7.427425656609511861e+01
7.429072815615029413e+01
7.430719974620558332e+01
7.432367133626087252e+01
7.434014292631616172e+01
7.335661451637145092e+01
7.337308610642662643e+01
7.338955769648191563e+01
7.240602928653720483e+01
7.242250087659249402e+01
7.143897246664778322e+01
7.145544405670307242e+01
7.047191564675824793e+01
6.948838723681353713e+01
6.950485882686882633e+01
6.952133041692411553e+01
7.153780200697940472e+01
7.455427359703458023e+01
7.657074518708986943e+01
7.858721677714515863e+01
7.960368836720044783e+01
8.062015995725573703e+01
8.063663154731091254e+01
8.165310313736620174e+01
8.166957472742149093e+01
8.168604631747678013e+01
8.170251790753206933e+01
8.171898949758724484e+01
8.173546108764253404e+01
8.175193267769782324e+01
8.076840426775311244e+01
8.078487585780840163e+01
7.980134744786357714e+01
7.981781903791886634e+01
7.983429062797415554e+01
7.985076221802944474e+01
7.986723380808473394e+01
7.988370539813990945e+01
7.990017698819519865e+01
7.991664857825048784e+01
7.993312016830577704e+01
7.894959175836106624e+01
7.896606334841624175e+01
7.898253493847153095e+01
7.799900652852682015e+01
7.801547811858210935e+01
7.803194970863739854e+01
7.804842129869257406e+01
7.806489288874786325e+01
7.808136447880315245e+01
7.809783606885844165e+01
6.735545713823684366e+01
