2.845555914673582265e+01
2.846169678487365218e+01
2.846783442301148170e+01
2.847397206114942492e+01
2.848010969928725444e+01
2.848624733742508397e+01
2.849238497556291350e+01
2.849852261370085671e+01
2.850466025183868624e+01
2.851079788997651576e+01
2.751693552811434529e+01
2.752307316625217481e+01
2.752921080439011803e+01
2.753534844252794755e+01
2.754148608066577708e+01
2.754762371880360661e+01
2.655376135694154982e+01
2.655989899507937935e+01
2.656603663321720887e+01
2.657217427135503840e+01
2.657831190949286793e+01
2.658444954763081114e+01
2.659058718576864067e+01
2.659672482390647019e+01
2.660286246204429972e+01
2.660900010018224293e+01
2.661513773832007246e+01
2.662127537645790198e+01
2.662741301459573151e+01
2.563355065273367472e+01
2.563968829087150425e+01
2.564582592900933378e+01
2.565196356714716330e+01
2.565810120528499283e+01
2.566423884342293604e+01
2.567037648156076557e+01
2.567651411969859510e+01
2.568265175783642462e+01
2.568878939597436784e+01
2.569492703411219736e+01
2.570106467225002689e+01
2.570720231038785641e+01
2.671333994852568594e+01
2.671947758666362915e+01
2.672561522480145868e+01
2.673175286293928821e+01
2.673789050107711773e+01
2.774402813921506095e+01
2.775016577735289047e+01
2.775630341549072000e+01
2.776244105362854953e+01
2.776857869176637905e+01
2.877471632990432227e+01
2.878085396804215179e+01
3.678699160617998132e+01
3.779312924431781084e+01
3.879926688245575406e+01
3.880540452059358358e+01
3.981154215873141311e+01
3.986064326383427669e+01
3.986678090197210622e+01
3.987291854010993575e+01
3.887905617824776527e+01
3.888519381638570849e+01
3.889133145452353801e+01
3.789746909266136754e+01
3.690360673079919707e+01
3.590974436893714028e+01
3.491588200707496981e+01
3.492201964521279933e+01
3.492815728335062886e+01
3.493429492148857207e+01
3.494043255962640160e+01
3.494657019776423112e+01
3.495270783590206065e+01
3.495884547403989018e+01
3.496498311217783339e+01
3.497112075031566292e+01
3.497725838845349244e+01
3.498339602659132197e+01
3.498953366472926518e+01
3.499567130286709471e+01
3.500180894100492424e+01
3.400794657914275376e+01
3.401408421728058329e+01
3.302022185541852650e+01
3.302635949355635603e+01
3.303249713169418555e+01
3.203863476983201508e+01
3.204477240796995829e+01
3.205091004610778782e+01
3.205704768424561735e+01
3.206318532238344687e+01
3.206932296052127640e+01
3.207546059865921961e+01
3.208159823679704914e+01
3.208773587493487867e+01
3.209387351307270819e+01
3.210001115121065141e+01
3.210614878934848093e+01
3.211228642748631046e+01
3.211842406562413998e+01
3.212456170376196951e+01
3.213069934189991272e+01
3.213683698003774225e+01
3.214297461817557178e+01
3.214911225631340130e+01
3.315524989445134452e+01
3.316138753258917404e+01
3.316752517072700357e+01
3.217366280886483310e+01
3.117980044700277631e+01
2.918593808514060584e+01
2.919207572327843536e+01
2.819821336141626489e+01
2.820435099955409441e+01
2.721048863769203763e+01
2.721662627582986715e+01
2.622276391396769668e+01
2.522890155210552621e+01
2.423503919024346942e+01
2.424117682838129895e+01
2.324731446651912847e+01
2.325345210465695800e+01
2.325958974279478753e+01
2.326572738093273074e+01
2.227186501907056027e+01
2.227800265720838979e+01
2.228414029534621932e+01
2.229027793348416253e+01
2.229641557162199206e+01
2.230255320975982158e+01
2.230869084789765111e+01
2.231482848603548064e+01
2.232096612417342385e+01
2.232710376231125338e+01
2.233324140044908290e+01
2.233937903858691243e+01
2.234551667672485564e+01
2.235165431486268517e+01
2.235779195300051470e+01
2.336392959113834422e+01
2.337006722927617375e+01
2.337620486741411696e+01
2.338234250555194649e+01
2.338848014368977601e+01
2.339461778182760554e+01
2.340075541996554875e+01
2.440689305810337828e+01
2.441303069624120781e+01
2.441916833437903733e+01
2.442530597251686686e+01
2.443144361065481007e+01
2.443758124879263960e+01
2.344371888693046913e+01
2.344985652506829865e+01
2.345599416320624186e+01
2.346213180134407139e+01
2.246826943948190092e+01
2.247440707761973044e+01
2.248054471575767366e+01
2.248668235389550318e+01
2.249281999203333271e+01
2.249895763017116224e+01
2.250509526830899176e+01
2.251123290644693498e+01
2.351737054458476450e+01
2.352350818272259403e+01
2.352964582086042356e+01
2.353578345899836677e+01
2.354192109713619629e+01
2.354805873527402582e+01
2.355419637341185535e+01
2.356033401154968487e+01
2.356647164968762809e+01
2.357260928782545761e+01
2.357874692596328714e+01
2.358488456410111667e+01
2.459102220223905988e+01
2.459715984037688941e+01
2.460329747851471893e+01
2.460943511665254846e+01
2.461557275479037799e+01
2.462171039292832120e+01
2.462784803106615072e+01
2.463398566920398025e+01
2.464012330734180978e+01
2.464626094547975299e+01
2.465239858361758252e+01
2.465853622175541204e+01
2.366467385989324157e+01
2.367081149803107110e+01
2.367694913616901431e+01
2.368308677430684384e+01
2.368922441244467336e+01
2.369536205058250289e+01
2.370149968872044610e+01
2.370763732685827563e+01
2.371377496499610515e+01
2.371991260313393468e+01
2.372605024127176421e+01
2.373218787940970742e+01
2.373832551754753695e+01
2.374446315568536647e+01
2.275060079382319600e+01
2.275673843196113921e+01
2.276287607009896874e+01
2.276901370823679827e+01
2.277515134637462779e+01
2.278128898451257101e+01
2.278742662265040053e+01
2.279356426078823006e+01
2.379970189892605958e+01
2.380583953706388911e+01
2.381197717520183232e+01
2.381811481333966185e+01
2.382425245147749138e+01
2.383039008961532090e+01
2.383652772775326412e+01
2.384266536589109364e+01
2.384880300402892317e+01
2.385494064216675270e+01
2.386107828030458222e+01
2.386721591844252544e+01
2.287335355658035496e+01
2.287949119471818449e+01
2.288562883285601401e+01
2.289176647099395723e+01
2.289790410913178675e+01
2.190404174726961628e+01
2.191017938540744581e+01
2.191631702354527533e+01
2.092245466168321855e+01
2.092859229982104807e+01
2.093472993795887760e+01
2.094086757609670713e+01
2.094700521423465034e+01
2.095314285237247987e+01
2.095928049051030939e+01
2.096541812864813892e+01
2.097155576678596844e+01
2.197769340492391166e+01
2.198383104306174118e+01
2.298996868119957071e+01
2.299610631933740024e+01
2.400224395747534345e+01
2.500838159561317298e+01
2.501451923375100250e+01
2.602065687188883203e+01
2.602679451002666156e+01
2.603293214816460477e+01
2.603906978630243430e+01
2.604520742444026382e+01
2.605134506257809335e+01
2.605748270071603656e+01
2.506362033885386609e+01
2.506975797699169561e+01
2.407589561512952514e+01
2.408203325326746835e+01
2.308817089140529788e+01
2.309430852954312741e+01
2.210044616768095693e+01
2.210658380581878646e+01
2.211272144395672967e+01
2.111885908209455920e+01
2.112499672023238872e+01
2.113113435837021825e+01
2.113727199650816146e+01
2.014340963464599099e+01
2.014954727278382052e+01
1.915568491092165004e+01
1.916182254905947957e+01
1.916796018719742278e+01
1.917409782533525231e+01
1.918023546347308184e+01
1.918637310161091136e+01
1.919251073974885458e+01
1.919864837788668410e+01
1.920478601602451363e+01
1.921092365416234315e+01
2.021706129230017268e+01
2.022319893043811589e+01
2.022933656857594542e+01
2.023547420671377495e+01
2.024161184485160447e+01
2.024774948298954769e+01
2.125388712112737721e+01
2.126002475926520674e+01
2.126616239740303627e+01
2.127230003554086579e+01
2.227843767367880901e+01
2.228457531181663853e+01
2.229071294995446806e+01
2.329685058809229758e+01
2.330298822623024080e+01
2.330912586436807032e+01
2.331526350250589985e+01
2.332140114064372938e+01
2.332753877878167259e+01
2.333367641691950212e+01
2.333981405505733164e+01
2.234595169319516117e+01
2.235208933133299070e+01
2.235822696947093391e+01
2.136436460760876344e+01
2.137050224574659296e+01
2.137663988388442249e+01
2.138277752202236570e+01
2.038891516016019523e+01
2.039505279829802475e+01
2.040119043643585428e+01
2.040732807457368381e+01
2.041346571271162702e+01
2.041960335084945655e+01
2.042574098898728607e+01
2.043187862712511560e+01
2.043801626526305881e+01
1.944415390340088834e+01
1.945029154153871787e+01
1.945642917967654739e+01
1.946256681781437692e+01
1.946870445595232013e+01
2.047484209409014966e+01
2.048097973222797918e+01
2.048711737036580871e+01
2.049325500850375192e+01
2.049939264664158145e+01
1.950553028477941098e+01
1.951166792291724050e+01
1.951780556105507003e+01
1.952394319919301324e+01
1.853008083733084277e+01
1.853621847546867230e+01
1.854235611360650182e+01
1.754849375174444504e+01
1.755463138988227456e+01
1.756076902802010409e+01
1.656690666615793361e+01
1.657304430429576314e+01
1.657918194243370635e+01
1.658531958057153588e+01
1.559145721870936541e+01
1.559759485684719493e+01
1.560373249498513815e+01
1.560987013312296767e+01
1.561600777126079720e+01
1.562214540939862673e+01
1.562828304753656994e+01
1.463442068567439946e+01
1.464055832381222899e+01
1.464669596195005852e+01
1.465283360008788804e+01
1.465897123822583126e+01
1.466510887636366078e+01
1.467124651450149031e+01
1.467738415263931984e+01
1.568352179077726305e+01
1.568965942891509258e+01
1.569579706705292210e+01
1.670193470519075163e+01
1.670807234332858116e+01
1.671420998146652437e+01
1.672034761960435389e+01
1.672648525774218342e+01
1.673262289588001295e+01
1.673876053401795616e+01
1.574489817215578569e+01
1.575103581029361521e+01
1.575717344843144474e+01
1.576331108656927427e+01
1.576944872470721748e+01
1.577558636284504701e+01
1.578172400098287653e+01
1.578786163912070606e+01
1.579399927725864927e+01
1.580013691539647880e+01
1.480627455353430832e+01
1.481241219167213785e+01
1.481854982980996738e+01
1.482468746794791059e+01
1.383082510608574012e+01
1.383696274422356964e+01
1.384310038236139917e+01
1.384923802049934238e+01
1.385537565863717191e+01
1.286151329677500144e+01
1.286765093491283096e+01
1.287378857305066049e+01
1.287992621118860370e+01
1.288606384932643323e+01
1.289220148746426275e+01
1.289833912560209228e+01
1.290447676374003549e+01
1.391061440187786502e+01
1.391675204001569455e+01
1.392288967815352407e+01
1.392902731629146729e+01
1.393516495442929681e+01
1.394130259256712634e+01
1.394744023070495587e+01
1.395357786884278539e+01
1.395971550698072861e+01
1.496585314511855813e+01
1.497199078325638766e+01
1.497812842139421718e+01
1.498426605953216040e+01
1.499040369766998992e+01
1.499654133580781945e+01
1.500267897394564898e+01
1.500881661208347850e+01
1.501495425022142172e+01
1.502109188835925124e+01
1.502722952649708077e+01
1.503336716463491030e+01
1.503950480277285351e+01
1.504564244091068304e+01
1.505178007904851256e+01
1.605791771718634209e+01
1.606405535532417161e+01
1.607019299346211483e+01
1.707633063159994435e+01
1.708246826973777388e+01
1.808860590787560341e+01
1.809474354601354662e+01
1.910088118415137615e+01
1.910701882228920567e+01
2.011315646042703520e+01
2.111929409856486473e+01
2.112543173670280794e+01
2.213156937484063747e+01
2.213770701297846699e+01
2.214384465111629652e+01
2.314998228925423973e+01
2.315611992739206926e+01
2.316225756552989878e+01
2.316839520366772831e+01
2.317453284180555784e+01
2.318067047994350105e+01
2.318680811808133058e+01
2.319294575621916010e+01
2.319908339435698963e+01
2.320522103249493284e+01
2.321135867063276237e+01
2.321749630877059190e+01
2.222363394690842142e+01
2.222977158504636463e+01
2.123590922318419416e+01
2.124204686132202369e+01
2.024818449945985321e+01
2.025432213759768274e+01
1.926045977573562595e+01
1.926659741387345548e+01
1.827273505201128501e+01
1.827887269014911453e+01
1.728501032828705775e+01
1.629114796642488727e+01
1.629728560456271680e+01
1.630342324270054633e+01
1.630956088083837585e+01
1.631569851897631906e+01
1.632183615711414859e+01
1.632797379525197812e+01
1.733411143338980764e+01
1.734024907152775086e+01
1.734638670966558038e+01
1.735252434780340991e+01
1.735866198594123944e+01
1.736479962407906896e+01
1.737093726221701218e+01
1.637707490035484170e+01
1.638321253849267123e+01
1.638935017663050075e+01
1.639548781476844397e+01
1.640162545290627349e+01
1.640776309104410302e+01
1.641390072918193255e+01
1.642003836731976207e+01
1.642617600545770529e+01
1.643231364359553481e+01
1.643845128173336434e+01
1.644458891987119387e+01
1.645072655800913708e+01
1.645686419614696661e+01
1.646300183428479613e+01
1.646913947242262566e+01
1.647527711056056887e+01
1.648141474869839840e+01
1.648755238683622792e+01
1.649369002497405745e+01
1.649982766311188698e+01
1.650596530124983019e+01
1.651210293938765972e+01
1.651824057752548924e+01
1.652437821566331877e+01
1.653051585380126198e+01
1.653665349193909151e+01
1.654279113007692104e+01
1.654892876821475056e+01
1.755506640635258009e+01
1.756120404449052330e+01
1.756734168262835283e+01
1.757347932076618235e+01
1.757961695890401188e+01
1.758575459704195509e+01
1.759189223517978462e+01
1.759802987331761415e+01
1.860416751145544367e+01
1.861030514959327320e+01
1.861644278773121641e+01
1.862258042586904594e+01
1.862871806400687547e+01
1.863485570214470499e+01
1.864099334028264821e+01
1.864713097842047773e+01
1.865326861655830726e+01
1.865940625469613678e+01
1.866554389283396631e+01
1.867168153097190952e+01
1.867781916910973905e+01
1.868395680724756858e+01
1.869009444538539810e+01
1.869623208352334132e+01
1.870236972166117084e+01
1.870850735979900037e+01
1.871464499793682990e+01
1.872078263607465942e+01
1.872692027421260264e+01
1.873305791235043216e+01
1.873919555048826169e+01
1.874533318862609121e+01
1.875147082676403443e+01
1.975760846490186395e+01
1.976374610303969348e+01
1.976988374117752301e+01
2.077602137931546622e+01
2.078215901745329575e+01
2.178829665559112527e+01
2.379443429372895480e+01
2.580057193186678433e+01
2.680670957000472754e+01
2.681284720814255707e+01
2.681898484628038659e+01
2.682512248441821612e+01
2.583126012255615933e+01
2.583739776069398886e+01
2.584353539883181838e+01
2.584967303696964791e+01
2.485581067510747744e+01
2.486194831324542065e+01
2.486808595138325018e+01
2.487422358952107970e+01
2.488036122765890923e+01
2.488649886579685244e+01
2.489263650393468197e+01
2.489877414207251149e+01
2.490491178021034102e+01
2.591104941834817055e+01
2.591718705648611376e+01
2.592332469462394329e+01
2.592946233276177281e+01
2.593559997089960234e+01
2.694173760903754555e+01
2.694787524717537508e+01
2.695401288531320461e+01
2.696015052345103413e+01
2.696628816158886366e+01
2.697242579972680687e+01
2.697856343786463640e+01
2.698470107600246592e+01
2.699083871414029545e+01
2.699697635227823866e+01
2.700311399041606819e+01
2.700925162855389772e+01
2.801538926669172724e+01
2.802152690482955677e+01
2.802766454296749998e+01
2.803380218110532951e+01
2.803993981924315904e+01
2.804607745738098856e+01
2.905221509551893178e+01
2.905835273365676130e+01
2.906449037179459083e+01
2.907062800993242035e+01
3.107676564807036357e+01
3.208290328620819309e+01
3.308904092434602262e+01
3.309517856248385215e+01
3.410131620062168167e+01
3.310745383875962489e+01
3.311359147689745441e+01
3.311972911503528394e+01
3.212586675317311347e+01
3.213200439131105668e+01
3.213814202944888621e+01
3.214427966758671573e+01
3.215041730572454526e+01
3.215655494386237478e+01
3.216269258200031800e+01
3.316883022013814752e+01
3.317496785827597705e+01
3.318110549641380658e+01
3.318724313455174979e+01
3.319338077268957932e+01
3.319951841082740884e+01
3.320565604896523837e+01
3.221179368710306790e+01
3.221793132524101111e+01
3.222406896337884064e+01
3.223020660151667016e+01
3.123634423965449969e+01
3.124248187779244290e+01
3.124861951593027243e+01
3.125475715406810195e+01
3.126089479220593148e+01
3.126703243034376101e+01
3.027317006848170422e+01
3.027930770661953375e+01
3.028544534475736327e+01
2.929158298289519280e+01
2.929772062103313601e+01
2.830385825917096554e+01
2.830999589730879507e+01
2.731613353544662459e+01
2.732227117358456780e+01
2.632840881172239733e+01
2.633454644986022686e+01
2.634068408799805638e+01
2.634682172613588591e+01
2.635295936427382912e+01
2.635909700241165865e+01
2.636523464054948818e+01
2.637137227868731770e+01
2.637750991682526092e+01
2.638364755496309044e+01
2.738978519310091997e+01
2.739592283123874950e+01
2.740206046937657902e+01
2.740819810751452223e+01
2.741433574565235176e+01
2.742047338379018129e+01
2.642661102192801081e+01
2.643274866006595403e+01
2.643888629820378355e+01
2.644502393634161308e+01
2.645116157447944261e+01
2.645729921261727213e+01
2.646343685075521535e+01
2.646957448889304487e+01
2.647571212703087440e+01
2.648184976516870393e+01
2.648798740330664714e+01
2.649412504144447666e+01
2.650026267958230619e+01
3.250640031772013572e+01
3.351253795585796524e+01
3.451867559399590846e+01
3.452481323213373798e+01
3.553095087027156751e+01
3.553708850840939704e+01
3.654322614654734025e+01
3.854936378468516978e+01
3.955550142282299930e+01
3.956163906096082883e+01
2.858005197537443109e+01
2.658618961351226062e+01
2.659232725165009015e+01
2.659846488978803336e+01
2.560460252792586289e+01
2.561074016606369241e+01
2.561687780420152194e+01
2.562301544233946515e+01
2.562915308047729468e+01
2.463529071861512421e+01
2.464142835675295373e+01
2.464756599489078326e+01
2.465370363302872647e+01
2.465984127116655600e+01
2.366597890930438552e+01
2.367211654744221505e+01
2.367825418558015826e+01
2.368439182371798779e+01
2.369052946185581732e+01
2.369666709999364684e+01
2.270280473813147637e+01
2.270894237626941958e+01
2.271508001440724911e+01
2.272121765254507864e+01
2.172735529068290816e+01
2.173349292882085138e+01
2.173963056695868090e+01
2.174576820509651043e+01
2.175190584323433995e+01
2.175804348137216948e+01
2.176418111951011269e+01
2.177031875764794222e+01
2.177645639578577175e+01
2.178259403392360127e+01
2.178873167206154449e+01
2.179486931019937401e+01
2.180100694833720354e+01
2.080714458647503307e+01
2.081328222461286259e+01
2.081941986275080581e+01
1.982555750088863533e+01
1.983169513902646486e+01
1.983783277716429438e+01
1.984397041530223760e+01
1.985010805344006712e+01
1.985624569157789665e+01
1.986238332971572618e+01
1.986852096785355570e+01
1.987465860599149892e+01
2.088079624412932844e+01
2.088693388226715797e+01
2.089307152040498750e+01
2.089920915854293071e+01
2.090534679668076024e+01
2.191148443481858976e+01
2.191762207295641929e+01
2.192375971109436250e+01
2.092989734923219203e+01
2.093603498737002155e+01
2.094217262550785108e+01
2.094831026364568061e+01
2.195444790178362382e+01
2.196058553992145335e+01
2.196672317805928287e+01
2.197286081619711240e+01
2.197899845433505561e+01
2.198513609247288514e+01
2.299127373061071467e+01
2.299741136874854419e+01
2.300354900688637372e+01
2.300968664502431693e+01
2.301582428316214646e+01
2.202196192129997598e+01
2.202809955943780551e+01
2.203423719757574872e+01
2.204037483571357825e+01
2.104651247385140778e+01
2.105265011198923730e+01
2.105878775012706683e+01
2.106492538826501004e+01
2.007106302640283957e+01
2.007720066454066910e+01
2.008333830267849862e+01
2.008947594081644183e+01
2.009561357895427136e+01
2.010175121709210089e+01
2.010788885522993041e+01
2.111402649336775994e+01
2.112016413150570315e+01
2.112630176964353268e+01
2.113243940778136221e+01
2.113857704591919173e+01
2.114471468405713495e+01
2.115085232219496447e+01
2.115698996033279400e+01
2.216312759847062352e+01
2.216926523660845305e+01
2.217540287474639626e+01
2.818154051288422579e+01
3.018767815102205532e+01
3.119381578915988484e+01
3.119995342729782806e+01
3.220609106543565758e+01
3.221222870357348711e+01
3.221836634171131664e+01
3.222450397984925985e+01
2.123064161798708938e+01
2.023677925612491890e+01
2.024291689426274843e+01
2.024905453240057795e+01
2.025519217053852117e+01
2.026132980867635069e+01
2.026746744681418022e+01
2.027360508495200975e+01
2.027974272308995296e+01
2.028588036122778249e+01
2.029201799936561201e+01
2.029815563750344154e+01
2.130429327564127107e+01
2.131043091377921428e+01
2.131656855191704381e+01
2.132270619005487333e+01
2.132884382819270286e+01
2.133498146633064607e+01
2.134111910446847560e+01
2.134725674260630512e+01
2.135339438074413465e+01
2.135953201888196418e+01
2.036566965701990739e+01
2.037180729515773692e+01
2.037794493329556644e+01
2.038408257143339597e+01
2.039022020957133918e+01
2.039635784770916871e+01
2.040249548584699824e+01
2.040863312398482776e+01
2.041477076212265729e+01
1.942090840026060050e+01
1.942704603839843003e+01
1.943318367653625955e+01
1.943932131467408908e+01
1.944545895281203229e+01
1.945159659094986182e+01
1.945773422908769135e+01
1.946387186722552087e+01
1.947000950536335040e+01
1.847614714350129361e+01
1.848228478163912314e+01
1.848842241977695267e+01
1.849456005791478219e+01
1.850069769605272541e+01
1.850683533419055493e+01
1.851297297232838446e+01
1.851911061046621398e+01
1.852524824860415720e+01
1.753138588674198672e+01
1.753752352487981625e+01
1.754366116301764578e+01
1.654979880115547530e+01
1.655593643929341852e+01
1.656207407743124804e+01
1.556821171556907757e+01
1.557434935370690710e+01
1.558048699184485031e+01
1.558662462998267983e+01
1.559276226812050936e+01
1.559889990625833889e+01
1.560503754439616841e+01
1.561117518253411163e+01
1.561731282067194115e+01
1.562345045880977068e+01
1.562958809694760021e+01
1.563572573508554342e+01
1.564186337322337295e+01
1.564800101136120247e+01
1.565413864949903200e+01
1.566027628763686153e+01
1.566641392577480474e+01
1.667255156391263426e+01
1.667868920205046379e+01
1.668482684018829332e+01
1.769096447832623653e+01
1.769710211646406606e+01
1.770323975460189558e+01
1.770937739273972511e+01
1.771551503087755464e+01
1.772165266901549785e+01
1.872779030715332738e+01
1.873392794529115690e+01
1.874006558342898643e+01
1.974620322156692964e+01
2.075234085970475917e+01
2.075847849784258869e+01
2.176461613598041822e+01
2.277075377411836143e+01
2.377689141225619096e+01
2.478302905039402049e+01
2.578916668853185001e+01
2.679530432666967954e+01
2.780144196480762275e+01
2.780757960294545228e+01
2.881371724108328181e+01
2.881985487922111133e+01
2.982599251735905455e+01
3.083213015549688407e+01
3.083826779363471360e+01
3.184440543177254312e+01
3.185054306991037265e+01
3.085668070804831586e+01
3.086281834618614539e+01
2.986895598432397492e+01
2.887509362246180444e+01
2.788123126059974766e+01
2.488736889873757718e+01
2.289350653687540671e+01
2.289964417501323624e+01
2.290578181315106576e+01
2.291191945128900898e+01
2.191805708942683850e+01
2.092419472756466803e+01
2.093033236570249755e+01
1.993647000384044077e+01
1.994260764197827029e+01
1.994874528011609982e+01
1.895488291825392935e+01
1.896102055639175887e+01
1.896715819452970209e+01
1.897329583266753161e+01
1.897943347080536114e+01
1.898557110894319067e+01
1.999170874708113388e+01
1.999784638521896341e+01
2.000398402335679293e+01
2.001012166149462246e+01
2.001625929963245198e+01
2.002239693777039520e+01
2.002853457590822472e+01
2.103467221404605425e+01
2.104080985218388378e+01
2.104694749032182699e+01
2.105308512845965652e+01
2.105922276659748604e+01
2.106536040473531557e+01
2.107149804287325878e+01
2.107763568101108831e+01
2.108377331914891784e+01
2.108991095728674736e+01
2.109604859542457689e+01
2.110218623356252010e+01
2.110832387170034963e+01
2.011446150983817915e+01
2.012059914797600868e+01
2.012673678611395189e+01
2.013287442425178142e+01
2.013901206238961095e+01
2.014514970052744047e+01
2.015128733866527000e+01
2.015742497680321321e+01
2.016356261494104274e+01
2.016970025307887227e+01
2.017583789121670179e+01
2.018197552935464500e+01
2.018811316749247453e+01
2.019425080563030406e+01
2.020038844376813358e+01
2.120652608190596311e+01
2.121266372004390632e+01
2.221880135818173585e+01
2.222493899631956538e+01
2.323107663445739490e+01
2.323721427259533812e+01
2.324335191073316764e+01
2.324948954887099717e+01
2.325562718700882670e+01
2.326176482514665622e+01
2.326790246328459943e+01
2.327404010142242896e+01
2.428017773956025849e+01
2.428631537769808801e+01
2.429245301583603123e+01
2.429859065397386075e+01
2.330472829211169028e+01
2.331086593024951981e+01
2.331700356838734933e+01
2.332314120652529255e+01
2.332927884466312207e+01
2.333541648280095160e+01
2.334155412093878113e+01
2.334769175907672434e+01
2.335382939721455386e+01
2.335996703535238339e+01
2.336610467349021292e+01
2.237224231162815613e+01
2.237837994976598566e+01
2.238451758790381518e+01
2.239065522604164471e+01
2.239679286417947424e+01
2.240293050231741745e+01
2.240906814045524698e+01
2.241520577859307650e+01
2.142134341673090603e+01
2.142748105486884924e+01
2.143361869300667877e+01
2.143975633114450829e+01
2.144589396928233782e+01
2.145203160742016735e+01
2.145816924555811056e+01
2.146430688369594009e+01
2.147044452183376961e+01
2.147658215997159914e+01
2.148271979810954235e+01
2.148885743624737188e+01
2.049499507438520141e+01
2.050113271252303093e+01
1.950727035066086046e+01
1.951340798879880367e+01
1.951954562693663320e+01
1.952568326507446272e+01
1.953182090321229225e+01
1.853795854135023546e+01
1.854409617948806499e+01
1.855023381762589452e+01
1.855637145576372404e+01
1.856250909390155357e+01
1.756864673203949678e+01
1.757478437017732631e+01
1.758092200831515584e+01
1.658705964645298536e+01
1.659319728459092858e+01
1.659933492272875810e+01
1.660547256086658763e+01
1.661161019900441715e+01
1.661774783714236037e+01
1.662388547528018989e+01
1.663002311341801942e+01
1.763616075155584895e+01
1.764229838969367847e+01
1.764843602783162169e+01
1.765457366596945121e+01
1.766071130410728074e+01
1.766684894224511027e+01
1.767298658038305348e+01
1.767912421852088301e+01
1.768526185665871253e+01
1.769139949479654206e+01
1.769753713293437158e+01
1.770367477107231480e+01
1.770981240921014432e+01
1.771595004734797385e+01
1.772208768548580338e+01
1.772822532362374659e+01
1.773436296176157612e+01
1.774050059989940564e+01
1.774663823803723517e+01
1.775277587617506470e+01
1.775891351431300791e+01
1.776505115245083744e+01
1.777118879058866696e+01
1.777732642872649649e+01
1.778346406686443970e+01
1.778960170500226923e+01
1.779573934314009875e+01
1.780187698127792828e+01
1.880801461941575781e+01
1.881415225755370102e+01
1.882028989569153055e+01
1.882642753382936007e+01
1.883256517196718960e+01
1.883870281010513281e+01
1.984484044824296234e+01
1.985097808638079186e+01
1.985711572451862139e+01
1.986325336265645092e+01
2.086939100079439413e+01
2.087552863893222366e+01
2.088166627707005318e+01
2.088780391520788271e+01
2.089394155334582592e+01
2.090007919148365545e+01
2.090621682962148498e+01
1.991235446775931450e+01
1.991849210589725772e+01
1.992462974403508724e+01
1.993076738217291677e+01
1.993690502031074629e+01
1.894304265844857582e+01
1.894918029658651903e+01
1.895531793472434856e+01
1.896145557286217809e+01
1.896759321100000761e+01
1.897373084913795083e+01
1.897986848727578035e+01
1.898600612541360988e+01
1.899214376355143941e+01
1.899828140168926893e+01
2.000441903982721215e+01
2.001055667796504167e+01
2.101669431610287120e+01
2.102283195424070072e+01
2.202896959237864394e+01
2.203510723051647346e+01
2.204124486865430299e+01
2.204738250679213252e+01
2.205352014492996204e+01
2.205965778306790526e+01
2.306579542120573478e+01
2.307193305934356431e+01
2.307807069748139384e+01
2.308420833561933705e+01
2.309034597375716658e+01
2.309648361189499610e+01
2.310262125003282563e+01
2.310875888817065515e+01
2.311489652630859837e+01
2.312103416444642789e+01
2.312717180258425742e+01
2.213330944072208695e+01
2.213944707886003016e+01
2.214558471699785969e+01
2.215172235513568921e+01
2.115785999327351874e+01
2.116399763141134827e+01
2.117013526954929148e+01
2.117627290768712101e+01
2.018241054582495053e+01
2.018854818396278006e+01
2.019468582210072327e+01
2.020082346023855280e+01
2.020696109837638232e+01
2.021309873651421185e+01
2.121923637465215506e+01
2.222537401278998459e+01
2.323151165092781412e+01
2.423764928906564364e+01
2.524378692720347317e+01
2.424992456534141638e+01
2.325606220347924591e+01
2.226219984161707544e+01
2.126833747975490496e+01
2.027447511789284817e+01
2.028061275603067770e+01
2.028675039416850723e+01
2.029288803230633675e+01
2.029902567044416628e+01
2.030516330858210949e+01
2.031130094671993902e+01
2.031743858485776855e+01
2.032357622299559807e+01
2.032971386113354129e+01
2.033585149927137081e+01
2.034198913740920034e+01
1.934812677554702987e+01
1.935426441368485939e+01
1.936040205182280260e+01
1.936653968996063213e+01
1.937267732809846166e+01
1.937881496623629118e+01
1.938495260437423440e+01
1.839109024251206392e+01
1.839722788064989345e+01
1.840336551878772298e+01
1.840950315692555250e+01
1.841564079506349572e+01
1.842177843320132524e+01
1.842791607133915477e+01
1.843405370947698430e+01
1.944019134761492751e+01
1.944632898575275703e+01
1.945246662389058656e+01
2.445860426202841609e+01
2.246474190016624561e+01
3.047087953830418883e+01
3.147701717644201835e+01
3.248315481457984788e+01
3.248929245271767741e+01
3.249543009085562062e+01
3.150156772899345015e+01
3.150770536713127967e+01
3.051384300526910920e+01
2.951998064340705241e+01
2.552611828154488194e+01
2.353225591968271146e+01
2.353839355782054099e+01
2.254453119595837052e+01
2.255066883409631373e+01
2.255680647223414326e+01
2.256294411037197278e+01
2.256908174850980231e+01
2.257521938664774552e+01
2.258135702478557505e+01
2.258749466292340458e+01
2.259363230106123410e+01
2.159976993919906363e+01
2.160590757733700684e+01
2.161204521547483637e+01
2.161818285361266589e+01
2.162432049175049542e+01
2.163045812988843863e+01
2.063659576802626816e+01
2.064273340616409769e+01
2.064887104430192721e+01
2.065500868243975674e+01
2.066114632057769995e+01
2.066728395871552948e+01
2.067342159685335901e+01
2.067955923499118853e+01
2.068569687312913175e+01
2.069183451126696127e+01
2.169797214940479080e+01
2.170410978754262032e+01
2.171024742568044985e+01
2.171638506381839306e+01
2.172252270195622259e+01
2.172866034009405212e+01
2.173479797823188164e+01
2.174093561636982486e+01
2.174707325450765438e+01
2.175321089264548391e+01
2.175934853078331344e+01
2.276548616892114296e+01
2.277162380705908618e+01
2.277776144519691570e+01
2.278389908333474523e+01
2.279003672147257475e+01
2.279617435961051797e+01
2.280231199774834749e+01
2.380844963588617702e+01
2.381458727402400655e+01
2.382072491216194976e+01
2.382686255029977929e+01
2.383300018843760881e+01
2.383913782657543834e+01
2.384527546471326787e+01
2.385141310285121108e+01
2.385755074098904061e+01
2.486368837912687013e+01
2.486982601726469966e+01
2.487596365540264287e+01
2.488210129354047240e+01
2.488823893167830192e+01
2.489437656981613145e+01
2.490051420795396098e+01
2.490665184609190419e+01
2.491278948422973372e+01
2.491892712236756324e+01
2.492506476050539277e+01
2.493120239864333598e+01
2.493734003678116551e+01
2.394347767491899504e+01
2.394961531305682456e+01
2.395575295119465409e+01
2.396189058933259730e+01
2.396802822747042683e+01
2.397416586560825635e+01
2.398030350374608588e+01
2.298644114188402909e+01
2.299257878002185862e+01
2.299871641815968815e+01
2.300485405629751767e+01
2.201099169443534720e+01
2.201712933257329041e+01
2.202326697071111994e+01
2.202940460884894947e+01
2.203554224698677899e+01
2.204167988512472220e+01
2.204781752326255173e+01
2.205395516140038126e+01
2.206009279953821078e+01
2.206623043767615400e+01
2.207236807581398352e+01
2.207850571395181305e+01
2.208464335208964258e+01
2.209078099022747210e+01
2.209691862836541532e+01
2.210305626650324484e+01
2.210919390464107437e+01
2.211533154277890389e+01
2.212146918091684711e+01
2.212760681905467663e+01
2.213374445719250616e+01
2.213988209533033569e+01
2.214601973346816521e+01
2.215215737160610843e+01
2.215829500974393795e+01
2.216443264788176748e+01
2.217057028601959701e+01
2.317670792415754022e+01
2.318284556229536975e+01
2.318898320043319927e+01
2.419512083857102880e+01
2.420125847670885832e+01
2.420739611484680154e+01
2.521353375298463106e+01
2.521967139112246059e+01
2.522580902926029012e+01
2.523194666739823333e+01
2.623808430553606286e+01
2.624422194367389238e+01
2.625035958181172191e+01
2.725649721994955144e+01
2.826263485808749465e+01
2.826877249622532418e+01
2.827491013436315370e+01
2.928104777250098323e+01
2.928718541063892644e+01
3.029332304877675597e+01
3.529946068691458549e+01
3.830559832505241502e+01
4.031173596319024455e+01
2.543448872594740351e+01
2.344062636408523304e+01
2.344676400222306256e+01
2.245290164036100578e+01
2.245903927849883530e+01
2.246517691663666483e+01
2.247131455477449435e+01
2.247745219291243757e+01
2.248358983105026709e+01
2.248972746918809662e+01
2.249586510732592615e+01
2.250200274546375567e+01
2.250814038360169889e+01
2.251427802173952841e+01
2.152041565987735794e+01
2.152655329801518747e+01
2.153269093615313068e+01
2.153882857429096020e+01
2.154496621242878973e+01
2.155110385056661926e+01
2.155724148870444878e+01
2.156337912684239200e+01
2.156951676498022152e+01
2.157565440311805105e+01
2.158179204125588058e+01
2.158792967939382379e+01
2.159406731753165332e+01
2.160020495566948284e+01
2.160634259380731237e+01
2.161248023194525558e+01
2.161861787008308511e+01
2.262475550822091463e+01
2.263089314635874416e+01
2.263703078449657369e+01
2.264316842263451690e+01
2.264930606077234643e+01
2.265544369891017595e+01
2.166158133704800548e+01
2.166771897518594869e+01
2.167385661332377822e+01
2.167999425146160775e+01
2.168613188959943727e+01
2.169226952773726680e+01
2.169840716587521001e+01
2.170454480401303954e+01
2.171068244215086906e+01
2.171682008028869859e+01
2.172295771842664180e+01
2.172909535656447133e+01
2.173523299470230086e+01
2.174137063284013038e+01
2.174750827097795991e+01
2.175364590911590312e+01
2.075978354725373265e+01
2.076592118539156218e+01
2.077205882352939170e+01
2.077819646166733492e+01
2.078433409980516444e+01
2.179047173794299397e+01
2.179660937608082349e+01
2.180274701421865302e+01
2.180888465235659623e+01
2.181502229049442576e+01
2.182115992863225529e+01
2.182729756677008481e+01
2.183343520490802803e+01
2.183957284304585755e+01
2.184571048118368708e+01
2.085184811932151661e+01
2.085798575745934613e+01
2.086412339559728935e+01
2.087026103373511887e+01
2.087639867187294840e+01
2.088253631001077792e+01
2.188867394814872114e+01
2.189481158628655066e+01
2.190094922442438019e+01
2.090708686256220972e+01
2.091322450070015293e+01
2.091936213883798246e+01
2.092549977697581198e+01
1.993163741511364151e+01
1.993777505325147104e+01
1.994391269138941425e+01
1.995005032952724378e+01
1.995618796766507330e+01
1.996232560580290283e+01
1.996846324394084604e+01
1.997460088207867557e+01
1.998073852021650509e+01
1.998687615835433462e+01
1.999301379649216415e+01
1.999915143463010736e+01
2.000528907276793689e+01
2.001142671090576641e+01
2.001756434904359594e+01
2.002370198718153915e+01
2.002983962531936868e+01
2.003597726345719821e+01
2.104211490159502773e+01
2.104825253973285726e+01
2.105439017787080047e+01
2.206052781600863000e+01
2.206666545414645952e+01
2.207280309228428905e+01
2.307894073042223226e+01
2.308507836856006179e+01
2.309121600669789132e+01
2.309735364483572084e+01
2.310349128297355037e+01
2.310962892111149358e+01
2.311576655924932311e+01
2.312190419738715264e+01
2.212804183552498216e+01
2.213417947366292537e+01
2.214031711180075490e+01
2.214645474993858443e+01
2.115259238807641395e+01
2.115873002621424348e+01
2.116486766435218669e+01
2.117100530249001622e+01
2.117714294062784575e+01
2.018328057876567527e+01
2.018941821690361849e+01
1.919555585504144801e+01
1.920169349317927754e+01
1.920783113131710707e+01
1.921396876945505028e+01
1.922010640759287980e+01
1.922624404573070933e+01
1.923238168386853886e+01
1.923851932200636838e+01
1.924465696014431160e+01
1.925079459828214112e+01
1.925693223641997065e+01
2.026306987455780018e+01
2.026920751269574339e+01
2.027534515083357292e+01
2.028148278897140244e+01
2.028762042710923197e+01
1.929375806524706150e+01
1.929989570338500471e+01
1.930603334152283423e+01
1.931217097966066376e+01
1.931830861779849329e+01
1.932444625593643650e+01
1.933058389407426603e+01
1.933672153221209555e+01
1.934285917034992508e+01
1.934899680848775461e+01
1.935513444662569782e+01
1.936127208476352735e+01
1.936740972290135687e+01
1.937354736103918640e+01
2.037968499917712961e+01
2.038582263731495914e+01
2.039196027545278866e+01
2.039809791359061819e+01
2.040423555172844772e+01
2.041037318986639093e+01
2.041651082800422046e+01
2.042264846614204998e+01
2.042878610427987951e+01
1.943492374241782272e+01
1.944106138055565225e+01
1.944719901869348178e+01
1.945333665683131130e+01
1.945947429496914083e+01
1.946561193310708404e+01
1.947174957124491357e+01
1.947788720938274309e+01
1.948402484752057262e+01
1.949016248565851583e+01
1.949630012379634536e+01
1.950243776193417489e+01
1.950857540007200441e+01
1.951471303820994763e+01
1.952085067634777715e+01
1.952698831448560668e+01
1.953312595262343621e+01
1.953926359076126573e+01
1.954540122889920895e+01
1.955153886703703847e+01
1.955767650517486800e+01
2.056381414331269752e+01
2.056995178145064074e+01
2.057608941958847026e+01
2.058222705772629979e+01
2.058836469586412932e+01
2.059450233400195884e+01
2.060063997213990206e+01
2.060677761027773158e+01
2.061291524841556111e+01
2.061905288655339064e+01
2.062519052469133385e+01
2.063132816282916338e+01
2.063746580096699290e+01
2.064360343910482243e+01
2.064974107724265195e+01
2.065587871538059517e+01
2.066201635351842469e+01
2.066815399165625422e+01
2.067429162979408375e+01
2.068042926793202696e+01
2.068656690606985649e+01
2.069270454420768601e+01
2.069884218234551554e+01
1.970497982048334507e+01
1.971111745862128828e+01
1.971725509675911781e+01
1.972339273489694733e+01
1.872953037303477686e+01
1.873566801117272007e+01
1.874180564931054960e+01
1.874794328744837912e+01
1.875408092558620865e+01
1.876021856372403818e+01
1.876635620186198139e+01
1.877249383999981092e+01
1.877863147813764044e+01
1.878476911627546997e+01
1.879090675441341318e+01
1.879704439255124271e+01
1.880318203068907223e+01
1.880931966882690176e+01
1.881545730696484497e+01
1.882159494510267450e+01
1.882773258324050403e+01
1.883387022137833355e+01
1.984000785951616308e+01
1.984614549765410629e+01
1.985228313579193582e+01
1.985842077392976535e+01
2.086455841206759487e+01
2.087069605020553809e+01
2.087683368834336761e+01
2.088297132648119714e+01
2.088910896461902666e+01
2.089524660275685619e+01
2.190138424089479940e+01
2.190752187903262893e+01
2.091365951717045846e+01
2.091979715530828798e+01
1.992593479344623120e+01
1.993207243158406072e+01
1.993821006972189025e+01
1.994434770785971978e+01
1.995048534599754930e+01
1.995662298413549252e+01
1.996276062227332204e+01
1.996889826041115157e+01
1.997503589854898109e+01
1.998117353668692431e+01
1.998731117482475383e+01
1.999344881296258336e+01
1.999958645110041289e+01
2.100572408923824241e+01
2.101186172737618563e+01
2.101799936551401515e+01
2.202413700365184468e+01
2.203027464178967421e+01
2.203641227992761742e+01
2.304254991806544695e+01
2.304868755620327647e+01
2.405482519434110600e+01
2.506096283247893552e+01
2.506710047061687874e+01
2.607323810875470826e+01
2.607937574689253779e+01
2.608551338503036732e+01
2.609165102316831053e+01
2.609778866130614006e+01
2.610392629944396958e+01
2.611006393758179911e+01
2.611620157571974232e+01
2.612233921385757185e+01
2.612847685199540138e+01
2.613461449013323090e+01
2.614075212827106043e+01
2.714688976640900364e+01
2.715302740454683317e+01
2.815916504268466269e+01
2.916530268082249222e+01
2.917144031896043543e+01
3.017757795709826496e+01
3.018371559523609449e+01
3.018985323337392401e+01
3.019599087151175354e+01
3.120212850964969675e+01
3.120826614778752628e+01
3.121440378592535581e+01
3.122054142406318533e+01
3.122667906220112854e+01
3.123281670033895807e+01
3.123895433847678760e+01
3.124509197661461712e+01
3.125122961475244665e+01
3.125736725289038986e+01
3.126350489102821939e+01
3.126964252916604892e+01
3.127578016730387844e+01
3.228191780544182166e+01
3.228805544357965118e+01
3.229419308171748071e+01
3.230033071985531024e+01
3.230646835799313976e+01
3.231260599613108297e+01
3.231874363426891250e+01
3.232488127240674203e+01
3.233101891054457155e+01
3.133715654868251477e+01
3.034329418682034429e+01
2.934943182495817382e+01
2.835556946309600335e+01
2.736170710123383287e+01
2.736784473937177609e+01
2.737398237750960561e+01
2.638012001564743514e+01
2.638625765378526467e+01
2.639239529192320788e+01
2.639853293006103740e+01
2.540467056819886693e+01
2.541080820633669646e+01
2.441694584447463967e+01
2.342308348261246920e+01
2.342922112075029872e+01
2.243535875888812825e+01
2.144149639702595778e+01
2.044763403516390099e+01
1.945377167330173052e+01
1.845990931143956004e+01
1.746604694957738957e+01
1.747218458771533278e+01
1.747832222585316231e+01
1.748445986399099183e+01
1.749059750212882136e+01
1.749673514026665089e+01
1.750287277840459410e+01
1.750901041654242363e+01
1.751514805468025315e+01
1.752128569281808268e+01
1.752742333095602589e+01
1.753356096909385542e+01
1.753969860723168495e+01
1.754583624536951447e+01
1.755197388350734400e+01
1.755811152164528721e+01
1.756424915978311674e+01
1.757038679792094626e+01
1.857652443605877579e+01
1.858266207419671900e+01
1.858879971233454853e+01
1.859493735047237806e+01
1.960107498861020758e+01
1.960721262674803711e+01
1.961335026488598032e+01
1.961948790302380985e+01
1.962562554116163938e+01
1.863176317929946890e+01
1.863790081743741212e+01
1.864403845557524164e+01
1.765017609371307117e+01
1.765631373185090069e+01
1.766245136998884391e+01
1.766858900812667343e+01
1.767472664626450296e+01
1.768086428440233249e+01
1.668700192254016201e+01
1.669313956067810523e+01
1.669927719881593475e+01
1.670541483695376428e+01
1.671155247509159381e+01
1.671769011322953702e+01
1.672382775136736655e+01
1.672996538950519607e+01
1.673610302764302560e+01
1.674224066578085512e+01
1.674837830391879834e+01
1.775451594205662786e+01
1.776065358019445739e+01
1.776679121833228692e+01
1.777292885647023013e+01
1.777906649460805966e+01
1.778520413274588918e+01
1.779134177088371871e+01
1.779747940902154824e+01
1.780361704715949145e+01
1.780975468529732098e+01
1.781589232343515050e+01
1.782202996157298003e+01
1.782816759971092324e+01
1.783430523784875277e+01
1.784044287598658229e+01
1.784658051412441182e+01
1.685271815226224135e+01
1.685885579040018456e+01
1.686499342853801409e+01
1.687113106667584361e+01
1.687726870481367314e+01
1.688340634295161635e+01
1.688954398108944588e+01
1.689568161922727541e+01
1.690181925736510493e+01
1.690795689550304814e+01
1.691409453364087767e+01
1.692023217177870720e+01
1.692636980991653672e+01
1.693250744805436625e+01
1.693864508619230946e+01
1.694478272433013899e+01
1.695092036246796852e+01
1.695705800060579804e+01
1.696319563874374126e+01
1.696933327688157078e+01
1.697547091501940031e+01
1.698160855315722984e+01
1.698774619129505936e+01
1.699388382943300257e+01
1.600002146757083210e+01
1.600615910570866163e+01
1.601229674384649115e+01
1.601843438198443437e+01
1.602457202012226389e+01
1.603070965826009342e+01
1.603684729639792295e+01
1.604298493453575247e+01
1.604912257267369569e+01
1.605526021081152521e+01
1.706139784894935474e+01
1.706753548708718426e+01
1.707367312522512748e+01
1.707981076336295700e+01
1.708594840150078653e+01
1.709208603963861606e+01
1.609822367777644558e+01
1.610436131591438880e+01
1.611049895405221832e+01
1.611663659219004785e+01
1.612277423032787738e+01
1.612891186846582059e+01
1.613504950660365012e+01
1.614118714474147964e+01
1.614732478287930917e+01
1.715346242101713869e+01
1.715960005915508191e+01
1.716573769729291143e+01
1.717187533543074096e+01
1.717801297356857049e+01
1.818415061170651370e+01
1.819028824984434323e+01
1.919642588798217275e+01
1.920256352612000228e+01
1.920870116425794549e+01
1.921483880239577502e+01
1.922097644053360455e+01
1.922711407867143407e+01
2.023325171680926360e+01
2.023938935494720681e+01
2.024552699308503634e+01
2.125166463122286586e+01
2.325780226936069539e+01
2.426393990749863860e+01
2.427007754563646813e+01
2.527621518377429766e+01
2.528235282191212718e+01
2.628849046004995671e+01
2.629462809818789992e+01
2.730076573632572945e+01
2.730690337446355898e+01
2.731304101260138850e+01
2.731917865073933172e+01
2.732531628887716124e+01
2.633145392701499077e+01
2.633759156515282029e+01
2.634372920329064982e+01
2.534986684142859303e+01
2.535600447956642256e+01
2.536214211770425209e+01
2.536827975584208161e+01
2.437441739398002483e+01
2.438055503211785435e+01
2.338669267025568388e+01
2.339283030839351341e+01
2.239896794653134293e+01
2.140510558466928615e+01
2.041124322280711567e+01
1.941738086094494520e+01
1.842351849908277472e+01
1.842965613722071794e+01
1.843579377535854746e+01
1.844193141349637699e+01
1.844806905163420652e+01
1.845420668977203604e+01
1.946034432790997926e+01
1.946648196604780878e+01
2.047261960418563831e+01
2.047875724232346784e+01
2.148489488046141105e+01
2.149103251859924057e+01
2.149717015673707010e+01
2.250330779487489963e+01
2.250944543301284284e+01
2.351558307115067237e+01
2.352172070928850189e+01
2.352785834742633142e+01
2.353399598556416095e+01
2.454013362370210416e+01
2.454627126183993369e+01
2.455240889997776321e+01
2.455854653811559274e+01
2.456468417625353595e+01
2.357082181439136548e+01
2.357695945252919500e+01
2.258309709066702453e+01
2.258923472880485406e+01
2.259537236694279727e+01
2.160151000508062680e+01
2.160764764321845632e+01
2.161378528135628585e+01
2.161992291949422906e+01
2.162606055763205859e+01
2.163219819576988812e+01
2.163833583390771764e+01
2.164447347204554717e+01
2.165061111018349038e+01
2.165674874832131991e+01
2.166288638645914943e+01
2.266902402459697896e+01
2.267516166273492217e+01
2.268129930087275170e+01
2.268743693901058123e+01
2.269357457714841075e+01
2.269971221528624028e+01
2.270584985342418349e+01
2.271198749156201302e+01
2.271812512969984255e+01
2.272426276783767207e+01
2.273040040597561529e+01
2.273653804411344481e+01
2.274267568225127434e+01
2.274881332038910386e+01
2.275495095852693339e+01
2.276108859666487660e+01
2.276722623480270613e+01
2.277336387294053566e+01
2.277950151107836518e+01
2.278563914921630840e+01
2.279177678735413792e+01
2.279791442549196745e+01
2.280405206362979698e+01
2.281018970176774019e+01
2.281632733990556972e+01
2.382246497804339924e+01
2.382860261618122877e+01
2.383474025431905829e+01
2.384087789245700151e+01
2.384701553059483103e+01
2.385315316873266056e+01
2.385929080687049009e+01
2.386542844500843330e+01
2.387156608314626283e+01
2.387770372128409235e+01
2.288384135942192188e+01
2.288997899755975141e+01
2.289611663569769462e+01
2.290225427383552415e+01
2.290839191197335367e+01
2.291452955011118320e+01
2.192066718824912641e+01
2.192680482638695594e+01
2.193294246452478546e+01
2.193908010266261499e+01
2.194521774080044452e+01
2.195135537893838773e+01
2.195749301707621726e+01
2.296363065521404678e+01
2.296976829335187631e+01
2.297590593148981952e+01
2.298204356962764905e+01
2.298818120776547858e+01
2.299431884590330810e+01
2.300045648404113763e+01
2.400659412217908084e+01
2.401273176031691037e+01
2.401886939845473989e+01
2.402500703659256942e+01
2.503114467473051263e+01
2.703728231286834216e+01
2.904341995100617169e+01
3.004955758914400121e+01
3.105569522728183074e+01
3.206183286541977395e+01
3.306797050355760348e+01
3.307410814169543301e+01
3.308024577983326253e+01
3.308638341797120574e+01
3.209252105610903527e+01
3.109865869424686480e+01
3.010479633238469432e+01
3.011093397052263754e+01
2.911707160866046706e+01
2.912320924679829659e+01
2.812934688493612612e+01
2.813548452307395564e+01
2.814162216121189886e+01
2.814775979934972838e+01
2.715389743748755791e+01
2.716003507562538744e+01
2.716617271376333065e+01
2.717231035190116017e+01
2.717844799003898970e+01
2.718458562817681923e+01
2.719072326631464875e+01
2.719686090445259197e+01
2.720299854259042149e+01
2.720913618072825102e+01
2.721527381886608055e+01
2.822141145700402376e+01
2.822754909514185329e+01
2.823368673327968281e+01
2.923982437141751234e+01
2.924596200955534187e+01
3.025209964769328508e+01
3.025823728583111460e+01
3.126437492396894413e+01
3.127051256210677366e+01
3.127665020024471687e+01
3.228278783838254640e+01
3.228892547652037592e+01
3.329506311465820545e+01
3.430120075279603498e+01
3.430733839093397819e+01
3.531347602907180772e+01
3.631961366720963724e+01
3.732575130534746677e+01
3.733188894348540998e+01
3.733802658162323951e+01
3.734416421976106903e+01
3.735030185789889856e+01
3.735643949603672809e+01
3.636257713417467130e+01
3.536871477231250083e+01
3.437485241045033035e+01
3.238099004858815988e+01
3.138712768672610309e+01
3.039326532486393262e+01
3.039940296300176215e+01
3.040554060113959167e+01
3.041167823927753489e+01
3.041781587741536441e+01
3.042395351555319394e+01
3.043009115369102346e+01
3.043622879182885299e+01
3.144236642996679620e+01
3.144850406810462573e+01
3.245464170624245526e+01
3.246077934438028478e+01
3.146691698251822800e+01
3.147305462065605752e+01
3.047919225879388705e+01
3.048532989693171658e+01
2.949146753506954610e+01
2.949760517320748932e+01
2.850374281134531884e+01
2.850988044948314837e+01
2.751601808762097789e+01
2.752215572575892111e+01
2.752829336389675063e+01
2.753443100203458016e+01
2.754056864017240969e+01
2.754670627831023921e+01
2.755284391644818243e+01
2.855898155458601195e+01
2.856511919272384148e+01
2.957125683086167101e+01
2.957739446899961422e+01
2.958353210713744375e+01
2.958966974527527327e+01
2.959580738341310280e+01
2.960194502155093232e+01
2.860808265968887554e+01
2.861422029782670506e+01
2.862035793596453459e+01
2.862649557410236412e+01
2.863263321224030733e+01
2.863877085037813686e+01
2.864490848851596638e+01
2.865104612665379591e+01
2.865718376479173912e+01
2.966332140292956865e+01
3.066945904106739818e+01
3.067559667920522770e+01
3.168173431734305723e+01
3.268787195548100044e+01
3.369400959361882997e+01
3.370014723175665949e+01
3.470628486989448902e+01
3.571242250803243223e+01
3.571856014617026176e+01
3.672469778430809129e+01
3.673083542244592081e+01
3.673697306058375034e+01
3.674311069872169355e+01
3.674924833685952308e+01
3.575538597499735260e+01
3.476152361313518213e+01
3.476766125127312534e+01
3.377379888941095487e+01
3.277993652754878440e+01
3.178607416568661392e+01
3.079221180382444345e+01
3.079834944196238666e+01
2.980448708010021619e+01
2.981062471823804572e+01
2.981676235637587524e+01
2.982289999451381846e+01
2.982903763265164798e+01
3.083517527078947751e+01
3.084131290892730703e+01
3.084745054706513656e+01
3.085358818520307977e+01
3.085972582334090930e+01
2.986586346147873883e+01
2.987200109961656835e+01
2.887813873775451157e+01
2.888427637589234109e+01
2.789041401403017062e+01
2.789655165216800015e+01
2.690268929030594336e+01
2.690882692844377289e+01
2.591496456658160241e+01
2.592110220471943194e+01
2.592723984285726146e+01
2.593337748099520468e+01
2.593951511913303420e+01
2.594565275727086373e+01
2.595179039540869326e+01
2.495792803354663647e+01
2.496406567168446600e+01
2.497020330982229552e+01
2.397634094796012505e+01
2.398247858609795458e+01
2.398861622423589779e+01
2.299475386237372732e+01
2.300089150051155684e+01
2.200702913864938637e+01
2.201316677678732958e+01
2.201930441492515911e+01
2.102544205306298863e+01
2.103157969120081816e+01
2.103771732933864769e+01
2.104385496747659090e+01
2.104999260561442043e+01
2.205613024375224995e+01
2.306226788189007948e+01
2.306840552002802269e+01
2.407454315816585222e+01
2.408068079630368175e+01
2.508681843444151127e+01
2.509295607257934080e+01
2.609909371071728401e+01
2.610523134885511354e+01
2.711136898699294306e+01
2.711750662513077259e+01
2.712364426326871580e+01
2.712978190140654533e+01
2.713591953954437486e+01
2.714205717768220438e+01
2.714819481582003391e+01
2.615433245395797712e+01
2.616047009209580665e+01
2.616660773023363618e+01
2.617274536837146570e+01
2.617888300650940892e+01
2.618502064464723844e+01
2.619115828278506797e+01
2.619729592092289749e+01
2.620343355906084071e+01
2.620957119719867023e+01
2.621570883533649976e+01
2.622184647347432929e+01
2.622798411161215881e+01
2.623412174975010203e+01
2.624025938788793155e+01
2.624639702602576108e+01
2.725253466416359061e+01
2.825867230230153382e+01
2.826480994043936334e+01
3.127094757857719287e+01
3.227708521671502240e+01
3.328322285485285192e+01
3.428936049299079514e+01
3.429549813112862466e+01
3.430163576926645419e+01
3.430777340740428372e+01
3.431391104554222693e+01
3.432004868368005646e+01
3.432618632181788598e+01
3.433232395995571551e+01
3.433846159809354504e+01
3.434459923623148825e+01
3.335073687436931777e+01
3.235687451250714730e+01
3.136301215064497683e+01
2.936914978878292004e+01
2.837528742692074957e+01
2.838142506505857909e+01
2.738756270319640862e+01
2.639370034133423815e+01
2.539983797947218136e+01
2.440597561761001089e+01
2.341211325574784041e+01
2.241825089388566994e+01
2.242438853202361315e+01
2.243052617016144268e+01
2.243666380829927220e+01
2.244280144643710173e+01
2.244893908457493126e+01
2.345507672271287447e+01
2.446121436085070400e+01
2.546735199898853352e+01
2.647348963712636305e+01
2.847962727526430626e+01
2.848576491340213579e+01
2.949190255153996532e+01
3.049804018967779484e+01
3.150417782781573806e+01
3.251031546595356758e+01
3.251645310409139711e+01
3.352259074222922663e+01
3.352872838036705616e+01
3.353486601850499937e+01
3.354100365664282890e+01
3.354714129478065843e+01
3.455327893291848795e+01
3.455941657105643117e+01
3.656555420919426069e+01
3.757169184733209022e+01
3.857782948546991975e+01
3.758396712360774927e+01
3.559010476174569249e+01
3.359624239988352201e+01
3.260238003802135154e+01
3.260851767615918106e+01
3.261465531429712428e+01
3.262079295243495380e+01
3.262693059057278333e+01
3.263306822871061286e+01
3.263920586684844238e+01
3.364534350498638560e+01
3.365148114312421512e+01
3.465761878126204465e+01
3.466375641939987418e+01
3.566989405753781739e+01
3.667603169567564692e+01
3.768216933381347644e+01
3.768830697195130597e+01
3.869444461008913549e+01
3.870058224822707871e+01
3.870671988636490823e+01
3.771285752450273776e+01
3.771899516264056729e+01
3.672513280077851050e+01
3.673127043891634003e+01
3.573740807705416955e+01
3.574354571519199908e+01
3.474968335332982861e+01
3.475582099146777182e+01
3.376195862960560135e+01
3.376809626774343087e+01
3.277423390588126040e+01
3.178037154401920361e+01
3.178650918215703314e+01
3.079264682029486266e+01
2.879878445843269219e+01
2.880492209657063540e+01
2.681105973470846493e+01
2.381719737284629446e+01
2.182333501098412398e+01
2.082947264912195351e+01
1.983561028725989672e+01
1.884174792539772625e+01
1.784788556353555578e+01
1.785402320167338530e+01
1.786016083981132851e+01
1.786629847794915804e+01
1.787243611608698757e+01
1.787857375422481709e+01
1.788471139236264662e+01
1.789084903050058983e+01
1.789698666863841936e+01
3.690312430677624889e+01
3.490926194491407841e+01
3.491539958305202163e+01
3.492153722118985115e+01
3.492767485932768068e+01
3.493381249746551021e+01
1.893995013560333973e+01
1.894608777374128294e+01
1.895222541187911247e+01
1.895836305001694200e+01
1.896450068815477152e+01
1.897063832629271474e+01
1.897677596443054426e+01
1.898291360256837379e+01
1.898905124070620332e+01
1.899518887884403284e+01
1.900132651698197606e+01
1.900746415511980558e+01
2.001360179325763511e+01
2.001973943139546463e+01
2.002587706953340785e+01
2.003201470767123737e+01
2.003815234580906690e+01
2.004428998394689643e+01
2.005042762208472595e+01
2.005656526022266917e+01
2.006270289836049869e+01
2.006884053649832822e+01
1.907497817463615775e+01
1.908111581277410096e+01
1.908725345091193049e+01
1.909339108904976001e+01
1.909952872718758954e+01
1.910566636532553275e+01
1.911180400346336228e+01
1.911794164160119180e+01
1.912407927973902133e+01
1.913021691787685086e+01
1.913635455601479407e+01
3.314249219415262360e+01
3.114862983229045312e+01
3.115476747042828265e+01
3.116090510856622586e+01
1.916704274670405539e+01
1.917318038484188492e+01
2.017931802297971444e+01
2.018545566111754397e+01
2.019159329925548718e+01
1.919773093739331671e+01
1.920386857553114623e+01
1.921000621366897576e+01
1.921614385180691897e+01
2.022228148994474850e+01
2.022841912808257803e+01
2.023455676622040755e+01
2.024069440435823708e+01
2.024683204249618029e+01
2.025296968063400982e+01
2.025910731877183935e+01
2.026524495690966887e+01
2.027138259504761209e+01
2.027752023318544161e+01
2.028365787132327114e+01
2.028979550946110066e+01
2.029593314759893019e+01
2.030207078573687340e+01
2.030820842387470293e+01
2.031434606201253246e+01
2.032048370015036198e+01
2.032662133828830520e+01
2.133275897642613472e+01
2.133889661456396425e+01
2.134503425270179378e+01
2.235117189083962330e+01
3.235730952897756652e+01
3.036344716711539604e+01
2.936958480525322557e+01
2.837572244339105509e+01
2.838186008152899831e+01
2.838799771966682783e+01
2.939413535780465736e+01
3.040027299594248689e+01
3.240641063408043010e+01
2.141254827221825963e+01
2.141868591035608915e+01
2.142482354849391868e+01
2.143096118663174821e+01
2.143709882476969142e+01
2.144323646290752095e+01
2.144937410104535047e+01
2.045551173918318000e+01
2.046164937732112321e+01
2.046778701545895274e+01
1.947392465359678226e+01
1.948006229173461179e+01
1.848619992987244132e+01
1.849233756801038453e+01
1.849847520614821406e+01
1.750461284428604358e+01
1.751075048242387311e+01
1.751688812056181632e+01
1.752302575869964585e+01
1.752916339683747537e+01
1.753530103497530490e+01
1.754143867311313443e+01
1.854757631125107764e+01
1.855371394938890717e+01
1.855985158752673669e+01
1.856598922566456622e+01
1.857212686380250943e+01
1.957826450194033896e+01
1.958440214007816849e+01
1.959053977821599801e+01
2.059667741635382754e+01
2.060281505449177075e+01
2.060895269262960028e+01
2.061509033076742980e+01
2.062122796890525933e+01
2.062736560704320254e+01
2.063350324518103207e+01
2.063964088331886160e+01
2.064577852145669112e+01
2.065191615959452065e+01
2.065805379773246386e+01
2.066419143587029339e+01
2.067032907400812292e+01
2.067646671214595244e+01
2.068260435028389566e+01
2.068874198842172518e+01
2.169487962655955471e+01
2.170101726469738423e+01
2.170715490283532745e+01
2.171329254097315697e+01
2.271943017911098650e+01
2.272556781724881603e+01
2.273170545538664555e+01
2.273784309352458877e+01
2.274398073166241829e+01
2.175011836980024782e+01
2.175625600793807735e+01
2.176239364607602056e+01
2.176853128421385009e+01
2.177466892235167961e+01
2.178080656048950914e+01
2.178694419862733866e+01
2.179308183676528188e+01
2.179921947490311140e+01
2.180535711304094093e+01
2.181149475117877046e+01
2.281763238931671367e+01
2.382377002745454320e+01
2.582990766559237272e+01
2.683604530373020225e+01
2.684218294186803178e+01
2.784832058000597499e+01
2.785445821814380452e+01
2.786059585628163404e+01
2.786673349441946357e+01
2.687287113255740678e+01
2.687900877069523631e+01
2.588514640883306583e+01
2.489128404697089536e+01
2.389742168510872489e+01
2.190355932324666810e+01
2.090969696138449763e+01
1.991583459952232715e+01
1.992197223766015668e+01
1.992810987579809989e+01
1.993424751393592942e+01
1.994038515207375895e+01
1.994652279021158847e+01
1.995266042834953168e+01
1.995879806648736121e+01
1.996493570462519074e+01
1.997107334276302026e+01
1.997721098090084979e+01
1.998334861903879300e+01
1.998948625717662253e+01
1.999562389531445206e+01
2.000176153345228158e+01
2.000789917159022480e+01
2.001403680972805432e+01
2.002017444786588385e+01
1.902631208600371338e+01
1.903244972414154290e+01
1.903858736227948611e+01
1.904472500041731564e+01
1.805086263855514517e+01
1.805700027669297469e+01
1.806313791483091791e+01
1.806927555296874743e+01
1.707541319110657696e+01
1.708155082924440649e+01
1.708768846738223601e+01
1.709382610552017923e+01
3.909996374365800875e+01
3.810610138179583828e+01
3.811223901993366781e+01
3.811837665807161102e+01
3.812451429620944054e+01
2.013065193434727007e+01
2.113678957248509960e+01
2.214292721062292912e+01
2.414906484876087234e+01
2.715520248689870186e+01
2.816134012503653139e+01
2.816747776317436092e+01
2.817361540131230413e+01
2.817975303945013366e+01
2.618589067758796318e+01
2.419202831572579271e+01
2.319816595386373592e+01
2.220430359200156545e+01
2.121044123013939497e+01
2.021657886827722450e+01
1.922271650641505403e+01
1.922885414455299724e+01
1.823499178269082677e+01
1.824112942082865629e+01
1.824726705896648582e+01
1.825340469710442903e+01
1.825954233524225856e+01
1.826567997338008809e+01
1.827181761151791761e+01
1.827795524965574714e+01
1.828409288779369035e+01
1.929023052593151988e+01
1.929636816406934940e+01
1.930250580220717893e+01
1.930864344034512214e+01
1.931478107848295167e+01
1.932091871662078120e+01
1.832705635475861072e+01
1.833319399289644025e+01
1.833933163103438346e+01
1.734546926917221299e+01
1.735160690731004252e+01
1.735774454544787204e+01
1.836388218358581526e+01
1.837001982172364478e+01
1.837615745986147431e+01
1.838229509799930383e+01
1.938843273613713336e+01
1.939457037427507657e+01
1.940070801241290610e+01
1.940684565055073563e+01
1.941298328868856515e+01
2.041912092682650837e+01
2.042525856496433789e+01
2.143139620310216742e+01
2.243753384123999695e+01
2.244367147937782647e+01
2.344980911751576969e+01
2.545594675565359921e+01
2.646208439379142874e+01
2.746822203192925826e+01
2.947435967006720148e+01
3.048049730820503100e+01
3.048663494634286053e+01
3.149277258448069006e+01
3.249891022261863327e+01
3.250504786075646280e+01
3.351118549889429232e+01
3.351732313703212185e+01
3.452346077516995138e+01
3.452959841330789459e+01
3.353573605144572412e+01
3.254187368958355364e+01
3.154801132772138317e+01
3.055414896585932638e+01
2.956028660399715591e+01
2.756642424213498543e+01
2.457256188027281496e+01
2.357869951841064449e+01
2.358483715654858770e+01
2.359097479468641723e+01
2.359711243282424675e+01
2.360325007096207628e+01
2.460938770910001949e+01
2.461552534723784902e+01
2.462166298537567855e+01
2.462780062351350807e+01
2.463393826165133760e+01
2.564007589978928081e+01
2.564621353792711034e+01
2.665235117606493986e+01
2.665848881420276939e+01
2.666462645234071260e+01
2.567076409047854213e+01
2.567690172861637166e+01
2.468303936675420118e+01
2.468917700489203071e+01
2.469531464302997392e+01
2.470145228116780345e+01
2.470758991930563298e+01
2.471372755744346250e+01
2.471986519558140571e+01
2.572600283371923524e+01
2.573214047185706477e+01
2.573827810999489429e+01
2.574441574813272382e+01
2.575055338627066703e+01
2.575669102440849656e+01
2.676282866254632609e+01
2.676896630068415561e+01
2.677510393882209883e+01
2.678124157695992835e+01
2.678737921509775788e+01
2.679351685323558740e+01
2.779965449137353062e+01
2.780579212951136014e+01
2.881192976764918967e+01
2.881806740578701920e+01
2.982420504392484872e+01
2.983034268206279194e+01
3.083648032020062146e+01
3.084261795833845099e+01
3.084875559647628052e+01
3.085489323461422373e+01
3.086103087275205326e+01
3.086716851088988278e+01
3.087330614902771231e+01
2.987944378716554183e+01
2.988558142530348505e+01
2.989171906344131457e+01
2.989785670157914410e+01
2.990399433971697363e+01
2.991013197785491684e+01
2.991626961599274637e+01
3.092240725413057589e+01
3.092854489226840542e+01
3.193468253040623495e+01
3.194082016854417816e+01
3.294695780668200769e+01
3.395309544481983721e+01
3.395923308295766674e+01
3.496537072109560995e+01
3.597150835923343948e+01
3.697764599737126900e+01
3.798378363550909853e+01
3.798992127364692806e+01
3.699605891178487127e+01
3.600219654992270080e+01
3.600833418806053032e+01
3.601447182619835985e+01
3.802060946433630306e+01
4.002674710247413259e+01
4.006357293130122343e+01
3.806971056943905296e+01
3.807584820757699617e+01
3.808198584571482570e+01
3.808812348385265523e+01
3.809426112199048475e+01
3.810039876012842797e+01
3.710653639826625749e+01
3.711267403640408702e+01
3.711881167454191655e+01
3.712494931267974607e+01
3.713108695081768929e+01
3.613722458895551881e+01
3.614336222709334834e+01
3.614949986523117786e+01
3.615563750336912108e+01
3.616177514150695060e+01
3.616791277964478013e+01
3.517405041778260966e+01
3.518018805592043918e+01
3.418632569405838240e+01
3.319246333219621192e+01
3.219860097033404145e+01
3.120473860847187098e+01
3.121087624660981419e+01
3.021701388474764371e+01
3.022315152288547324e+01
3.022928916102330277e+01
2.923542679916113229e+01
2.924156443729907551e+01
2.924770207543690503e+01
2.925383971357473456e+01
3.025997735171256409e+01
3.026611498985050730e+01
3.027225262798833683e+01
3.027839026612616635e+01
3.028452790426399588e+01
3.029066554240182541e+01
3.029680318053976862e+01
3.130294081867759814e+01
3.130907845681542767e+01
3.131521609495325720e+01
3.132135373309120041e+01
3.132749137122902994e+01
3.133362900936685946e+01
3.133976664750468899e+01
3.234590428564251852e+01
3.235204192378046173e+01
3.235817956191829126e+01
3.236431720005612078e+01
3.237045483819395031e+01
3.237659247633189352e+01
3.338273011446972305e+01
3.438886775260755257e+01
3.639500539074538210e+01
3.640114302888332531e+01
3.340728066702115484e+01
3.241341830515898437e+01
3.241955594329681389e+01
3.242569358143464342e+01
3.143183121957258663e+01
3.143796885771041616e+01
3.144410649584824569e+01
3.145024413398607521e+01
3.245638177212401843e+01
3.246251941026184795e+01
3.246865704839967748e+01
3.247479468653750700e+01
3.248093232467533653e+01
3.348706996281327974e+01
3.549320760095110927e+01
3.649934523908893880e+01
3.750548287722676832e+01
3.851162051536471154e+01
3.751775815350254106e+01
3.652389579164037059e+01
3.353003342977820012e+01
3.153617106791602964e+01
3.154230870605397286e+01
3.054844634419180238e+01
3.055458398232963191e+01
3.056072162046746143e+01
3.056685925860540465e+01
3.057299689674323417e+01
3.057913453488106370e+01
3.058527217301889323e+01
3.159140981115672275e+01
3.059754744929466597e+01
3.060368508743249549e+01
3.060982272557032502e+01
3.061596036370815455e+01
3.062209800184609776e+01
3.062823563998392729e+01
3.063437327812175681e+01
3.064051091625958634e+01
3.064664855439741586e+01
3.165278619253535908e+01
3.165892383067318860e+01
3.166506146881101813e+01
3.267119910694884766e+01
3.267733674508679087e+01
3.368347438322462040e+01
3.468961202136244992e+01
3.469574965950027945e+01
3.470188729763822266e+01
3.570802493577605219e+01
3.571416257391388172e+01
3.572030021205171124e+01
3.572643785018954077e+01
3.573257548832748398e+01
3.573871312646531351e+01
3.574485076460314303e+01
3.575098840274097256e+01
3.575712604087891577e+01
3.576326367901674530e+01
3.576940131715457483e+01
3.577553895529240435e+01
3.478167659343023388e+01
3.478781423156817709e+01
3.479395186970600662e+01
3.480008950784383615e+01
3.380622714598166567e+01
3.381236478411960888e+01
3.381850242225743841e+01
3.382464006039526794e+01
3.383077769853309746e+01
3.483691533667092699e+01
3.484305297480887020e+01
3.484919061294669973e+01
3.585532825108452926e+01
3.586146588922235878e+01
3.586760352736030200e+01
3.587374116549813152e+01
3.587987880363596105e+01
3.488601644177379058e+01
3.489215407991162010e+01
3.489829171804956331e+01
3.490442935618739284e+01
3.491056699432522237e+01
3.491670463246305189e+01
3.492284227060099511e+01
3.492897990873882463e+01
3.593511754687665416e+01
3.594125518501448369e+01
3.694739282315231321e+01
3.795353046129025643e+01
3.895966809942808595e+01
3.896580573756591548e+01
3.997194337570374501e+01
3.999035629011734727e+01
3.899649392825517680e+01
3.800263156639312001e+01
3.700876920453094954e+01
3.601490684266877906e+01
3.502104448080660859e+01
3.502718211894443812e+01
3.403331975708238133e+01
3.403945739522021086e+01
3.404559503335804038e+01
3.405173267149586991e+01
3.405787030963381312e+01
3.406400794777164265e+01
3.407014558590947217e+01
3.407628322404730170e+01
3.408242086218513123e+01
3.408855850032307444e+01
3.409469613846090397e+01
3.510083377659873349e+01
3.510697141473656302e+01
3.611310905287450623e+01
3.611924669101233576e+01
3.712538432915016529e+01
3.713152196728799481e+01
3.713765960542582434e+01
2.402858022326805454e+01
